20110000101 11 135 1 1 1   1 202 1 199 199 1 7 4 1 1 1 1 1   -9 04  6 6 100745065408
20110000102 16 232 6 1 1   1 201 1 199 199 1 6 4 1 1 1 1 1   -9 03  6 6 100745065408
20110000103 16 302 1 1 1   1 199   301 102 1             6          1 1 600745065408
20110000104 16 302 6 1 1   1 199   301 102 1             6          1 1 600745065408
20110000201 11 145 1 1 1   1 202 1 199 199 1 3 2 1 1 1 1 1   -9 03  6 6 100713066493
20110000202 16 243 6 4 2 3 1 201 1 199 499 4 4 3 6 2 2   6          6 6 100713066493
20110000203 16 319 6 4 2 3 1 199   399 402 4 3 2 3 1 2   6          6 6 100713066493
20110000301 11 143 1 1 1   1 202 1 199 199 1 9 4 1 1 1 1 1 3000 07  6 6 100928101740
20110000302 16 237 6 1 1   1 201 1 199 199 1 7 4 3 1 2   1  700 02  6 6 100928101740
20110000303 16 304 1 1 1   1 199   301 102 1             6          1 1 600928101740
20110000401 11 132 1 3 2 2 1 202 1 199 399 3 6 4 1 1 1 1 1 1200 03  6 6 102076523457
20110000402 16 228 6 3 2 2 1 201 1 199 399 3 9 4 6 2 2   6          6 6 102076523457
20110000403 16 310 6 3 2 2 1 199   301 302 3             6          1 1 602076523457
20110000404 16 303 6 3 2 2 1 199   301 302 3             6          1 1 602076523457
20110000405 16 618 1 3 2 2 1 199   399 399 3 3 2 5 2 2   6          1 6 602076523457
20110000501 11 153 1 1 1   1 202 1 199 199 1 6 4 1 1 1 1 1   -9 04  6 6 100138126309
20110000502 16 252 6 1 1   1 201 1 199 199 1 3 2 6 2 2   6          6 6 100138126309
20110000503 16 324 1 1 1   1 199   301 102 1 7 4 1 1 1 1 1   -9 02  6 6 100138126309
20110000601 11 153 1 1 1   1 202 1 199 199 1 9 4 1 1 1 1 1   -9 07  6 6 100280239688
20110000602 16 248 6 1 1   1 201 1 199 199 1 7 4 2 1 1 2 1   -9 02  6 6 100280239688
20110000603 16 317 1 1 1   1 199   399 202 1 2 1 5 2 2   6          1 1 600280239688
20110000604 16 315 6 1 1   1 199   399 202 1             6          1 1 600280239688
20110000701 11 134 1 1 1   1 202 1 199 199 1 3 2 1 1 1 1 1   -9 02  6 6 101129568945
20110000702 16 234 6 1 1   1 201 1 199 199 1 3 2 1 1 1 1 1   -9 02  6 6 101129568945
20110000703 16 305 6 1 1   1 199   301 102 1             6          1 1 601129568945
20110000801 11 138 1 1 1   1 202 1 199 199 1 7 4 1 1 1 1 1 1800 04  6 6 100293252882
20110000802 16 236 6 1 1   1 201 1 199 199-9 9 4 5 2 2   6          6 6 100293252882
20110000803 16 301 6 1 1   1 199   301 102 1             6          1 1 600293252882
20110000901 11 128 1 1 1   1 199   399 199 1 4 3 3 1 2   6          6 6 102481382634
20110001001 11 179 6 1 1   1 399   399 199 1 2 1 6 2 2   1   -9 02  6 6 100896670930
20110001101 11 170 1 1 1   1 202 1 199 199 1 2 1 4 2 2   1   -9 02  6 6 100729219798
20110001102 16 266 6 1 1   1 201 1 199 199 1 2 1 6 2 2   6          6 6 100729219798
20110001201 11 165 1 1 1   1 202 1 199 199 1 2 1 4 2 2   1   -9 02  6 6 101447401512
20110001202 16 265 6 1 1   1 201 1 199 199 1 2 1 6 2 2   6          6 6 101447401512
20110001301 11 151 1 1 1   1 202 1 199 199 1 3 2 1 1 1 1 1  900 02  6 6 100721342482
20110001302 16 246 6 1 1   1 201 1 199 199 1 3 2 3 1 2   1   -9 01  6 6 100721342482
20110001303 16 329 6 1 1   1 199   301 102 1 6 4 1 1 1 1 1   -9 02  6 6 100721342482
20110001305 16 322 6 1 1   1 199   301 102 1 3 2 3 1 2   6          6 6 100721342482
20110001401 11 170 1 1 1   1 202 1 199 199 1 2 1 4 2 2   1   -9 03  6 6 100362443798
20110001402 16 269 6 1 1   1 201 1 199 199 1 2 1 6 2 2   6          6 6 100362443798
20110001403 16 348 1 1 1   1 599   301 102 1 3 2 1 1 1 1 1   -9 02  6 6 100362443798
20110001501 11 162 1 1 1   1 202 1 199 199 1 5 3 1 1 1 1 1   -9 04  6 6 100193831888
20110001502 16 254 6 1 1   1 201 1 199 199 1 8 4 6 2 2   6          6 6 100193831888
20110001601 11 160 1 1 1   1 202 1 199 199 1 3 2 3 1 2   1 1050 03  6 6 100911448513
20110001602 16 257 6 1 1   1 201 1 104 199 1 3 2 3 1 2   1  450 01  6 6 100911448513
20110001603 16 325 1 1 1   1 199   301 102 1 8 4 1 1 1 1 1 1500 04  6 6 100911448513
20110001604 16 585 1 1 1   1 399   399 199 1 2 1 4 2 2   1  850 02  6 6 100911448513
20110001701 16 230 1 1 1   1 102 3 299 199 1 7 4 3 1 2   1   -9 01  6 6 101518052936
20110001702 11 129 6 1 1   1 101 3 299 199 1 9 4 1 1 1 1 1   -9 04  6 6 101518052936
20110001801 11 168 1 4 1   1 202 1 199 299 2 3 2 4 2 2   1  817 02  6 6 101121055456
20110001802 16 263 6 1 1   1 201 1 199 199 1 4 3 6 2 2   1  300 01  6 6 101121055456
20110001803 16 330 6 1 1   1 199   301 402 1 7 4 1 1 1 1 1 1000 03  6 6 101121055456
20110001804 16 328 6 1 1   1 199   301 402 1 1 1 8 2 2   6          6 6 101121055456
20110001901 11 124 1 1 1   1 102 3 299 199 1 6 4 1 1 1 1 1   -9 02  6 6 101417870341
20110001902 16 220 6 1 1   1 101 3 299 199 1 3 2 3 1 2   6          6 6 101417870341
20110002001 11 133 1 1 1   1 202 1 199 199 1 6 4 1 1 1 1 1 1236 03  6 6 100789689926
20110002002 16 236 6 1 1   1 201 1 199 199 1 6 4 3 1 2   1  584 02  6 6 100789689926
20110002003 16 301 1 1 1   1 199   301 102 1             6          1 1 600789689926
20110002101 11 160 6 1 1   1 499   399 199 1 2 1 4 2 2   1  625 02  6 6 100456209287
20110002102 16 339 6 1 1   1 199   399 101 1 3 2 1 1 1 1 1  857 02  6 6 100456209287
20110002103 16 333 1 1 1   1 199   399 101 1 2 1 7 2 2   1  347 01  6 6 100456209287
20110002201 11 159 1 1 1   1 202 1 199 199 1 3 2 2 1 1 1 1  950 02  6 6 100443641358
20110002202 16 258 6 1 1   1 201 1 199 199 1 3 2 6 2 2   6          6 6 100443641358
20110002203 16 331 1 1 1   1 199   301 102 1 4 3 1 1 1 1 1  900 02  6 6 100443641358
20110002204 16 324 6 1 1   1 199   301 102 1 6 4 1 1 1 1 1  980 02  6 6 100443641358
20110002301 11 129 1 1 1   1 202 1 199 199 1 3 2 1 1 1 1 1   -9 03  6 6 101323845862
20110002302 16 225 6 1 1   1 201 1 199 199 1 6 4 2 1 1 2 1   -9 01  6 6 101323845862
20110002303 16 300 6 1 1   1 199   301 102 1             6          1 1 601323845862
20110002401 11 175 1 1 1   1 202 1 199 199 1 2 1 4 2 2   1 1915 04  6 6 100573877502
20110002402 16 267 6 1 1   1 201 1 199 199 1 2 1 6 2 2   6          6 6 100573877502
20110002501 16 259 1 1 1   1 202 1 199 199 1 9 4 3 1 2   1   -9 03  6 6 101055351318
20110002502 11 142 6 1 1   1 201 1 199 199 1 9 4 1 1 1 1 1   -9 05  6 6 101055351318
20110002503 16 308 6 1 1   1 199   301 102 1             6          1 1 601055351318
20110002504 16 306 1 1 1   1 199   301 102 1             6          1 1 601055351318
20110002601 11 133 1 1 1   1 202 1 199 199 1 3 2 1 1 1 1 1   -9 05  6 6 100487303277
20110002602 16 232 6 1 1   1 201 1 199 199 1 5 3 3 1 2   1   -9 02  6 6 100487303277
20110002603 16 307 1 1 1   1 199   301 102 1             6          1 1 600487303277
20110002604 16 312 1 1 1   1 199   301 102 1             6          1 1 600487303277
20110002701 11 155 1 1 1   1 199   399 199 1 3 2 1 1 1 1 1   -9 02  6 6 100541478882
20110002801 16 246 1 1 1   1 102 2 299 199 1 3 2 3 1 2   6          6 6 100606429864
20110002802 11 147 6 1 1   1 101 2 299 199 1 3 2 1 1 1 1 1   -9 03  6 6 100606429864
20110002803 16 326 6 1 1   1 499   301 102 1 3 2 1 1 1 1 6          6 6 100606429864
20110002804 16 316 6 1 1   1 199   301 102 1 2 1 5 2 2   6          1 1 600606429864
20110002805 16 605 6 1 1   1 199   399 103 1             6          1 1 600606429864
20110002901 11 137 1 1 1   1 202 1 199 199 1 7 4 1 1 1 1 1 2050 05  6 6 100868453387
20110002902 16 237 6 4 3 3 1 201 1 199 499 4 4 3 1 1 1 1 1 1500 04  6 6 100868453387
20110002903 16 317 6 4 3 3 1 199   399 402 4 3 2 5 2 2   6          1 1 600868453387
20110002904 16 308 6 1 1   1 199   301 102 4             6          1 1 600868453387
20110003001 11 133 1 1 1   1 202 1 199 199 1 4 3 1 1 1 1 1   -9 05  6 6 101306646090
20110003002 16 233 6 1 1   1 201 1 199 199 1 7 4 1 1 1 2 1   -9 02  6 6 101306646090
20110003003 16 302 1 1 1   1 199   301 102 1             6          1 1 601306646090
20110003101 11 178 6 1 1   1 399   399 199 1 2 1 7 2 2   1   -9 02  6 6 101507492289
20110003201 16 239 1 1 1   1 202 1 199 199 1 4 3 3 1 2   6          6 6 100809349180
20110003202 11 135 6 1 1   1 201 1 199 199 1 7 4 1 1 1 1 1   -9 03  6 6 100809349180
20110003203 16 310 6 1 1   1 199   301 102 1             6          1 1 600809349180
20110003204 16 305 6 1 1   1 199   301 102 1             6          1 1 600809349180
20110003301 11 141 1 1 1   1 202 1 199 199 1 6 4 1 1 1 1 1   -9 06  6 6 100578641853
20110003302 16 239 6 1 1   1 201 1 199 199 1 4 3 6 2 2   6          6 6 100578641853
20110003303 16 307 1 1 1   1 199   301 102 1             6          1 1 600578641853
20110003304 16 301 6 1 1   1 199   301 102 1             6          1 1 600578641853
