01   601   1080390606
01   101   1080790606
01   601   1080730606
01   601   1080260606
01   101   1080620606
01   101   1080360606
01   101   1080650606
01   101   1080810606
01   101   1080780606
01   101   1080610606
01   101   1080530606
01   101   1080220606
01   601   1080200606
01   601   1080700606
01   101   1080540606
01   601   1080680606
01   601   1080860606
01   101   1080600606
01   601   1080630606
01   601   1080540606
01   101   1080760606
01   101   1080740606
01   601   1080550606
01   101   1080710606
01   601   1080640606
01   101   1080410606
01   101   1080380606
01   101   1080720606
01   601   1080720606
01   601   1080550606
01   101   1080650606
01   101   1080740606
01   601   1080200606
01   601   1080590606
01   601   1080650606
01   601   1080570606
01   601   1080320606
01   601   1080600606
01   101   1080390606
01   101   1080710606
01   101   1080700606
01   101   1080670606
01   601   1080750606
01   601   1080550606
01   601   1080750606
01   101   1080680606
01   601   1080670606
01   101   1080880606
01   101   1080560606
01   101   1080550606
01   601   1080300606
01   101   1080260606
01   101   1080590606
01   101   1080210606
01   101   1080710606
01   101   1080550606
01   601   1080570606
01   601   1080590606
01   101   1080650606
01   101   1080630606
01   101   1080580606
01   101   1080570606
01   101   1080610606
01   101   1080550606
01   101   1080260606
01   601   1080700606
01   101   1080690606
01   101   1080830606
01   101   1080720606
01   601   1080710606
01   101   1080710606
01   101   1080630606
01   101   1080400606
01   101   1080650606
01   101   1080750606
01   101   1080720606
01   601   1080710606
01   601   1080740606
01   101   1080420606
01   101   1080180606
01   101   1080720606
01   601   1080670606
01   601   1080650606
01   601   1080640606
01   101   1080620606
01   101   1080640606
01   601   1080850606
01   101   1080170606
01   101   1080740606
01   101   1080150606
01   101   1080150606
01   601   1080150606
01   101   1080150606
01   101   1080140606
01   101   1080140606
01   101   1080160606
01   601   1080140606
01   101   1080160606
01   601   1080160606
01   101   1080190606
01   601   1080130606
01   101   1080130606
01   601   1080170606
01   601   1080130606
01   601   1080160606
01   101   1080140606
01   101   1080120606
01   101   1080110606
01   601   1080120606
01   601   1080100606
01   601   1080100606
01   601   1080100606
01   101   1080120606
01   601   1080110606
01   101   1080110606
01   601   1080110606
01   601   1080120606
01   601   1080110606
01   601   1080120606
01   101   1080100606
01   101   1080100606
01   601   1080100606
01   601   1080100606
01   601   1080130606
01   101   1080130606
01   601   1080100606
01   601   1080100606
01   601   1080130606
01   101   1080100606
01   601   1080100606
01   101   1080100606
01   101   1080080606
01   101   1080670606
01   601   1080090606
01   101   1080090606
01   601   1080070606
01   101   1080080606
01   601   1080080606
01   101   1080080606
01   101   1080080606
01   101   1080080606
01   101   1080080606
01   101   1080080606
01   101   1080080606
01   601   1080080606
01   101   1080080606
01   101   1080080606
01   101   1080070606
01   101   1080050606
01   601   1080050606
01   101   1080060606
01   601   1080060606
01   101   1080060606
01   101   1080060606
01   101   1080060606
01   101   1080060606
01   101   1080060606
01   601   1080060606
01   601   1080050606
01   101   1080090606
01   101   1080070606
01   101   1080070606
01   601   1080070606
01   101   1080100606
01   101   1080070606
01   101   1080090606
01   601   1080090606
01   101   1080070606
01   601   1080090606
01   601   1080050606
01   101   1080050606
01   101   1080050606
01   101   1080050606
01   101   1080050606
01   601   1080050606
01   101   1080060606
01   601   1080070606
01   601   1080070606
01   601   1080070606
01   101   1080070606
01   601   1080070606
01   101   1080070606
01   101   1080070606
01   101   1080030606
01   601   1080030606
01   601   1080030606
01   601   1080030606
01   101   1080040606
01   101   1080020606
01   601   1080020606
01   101   1080020606
01   601   1080020606
01   101   1080020606
01   101   1080030606
01   601   1080030606
01   101   1080040606
01   601   1080040606
01   601   1080040606
01   101   1080040606
01   101   1080040606
01   101   1280010606
01   601   1080210606
01   101   1080000606
01   601   1080010606
01   101   1080010606
01   601   1080010606
01   601   1080010606
01   601   1080010606
01   101   1080010606
01   101   1080020606
01   101   1080010606
01   101   1080010606
01   101   1080010606
01   601   1080000606
01   101   1080010606
01   601   1080010606
01   601   1080010606
01   601   1080010606
01   601   1080010606
01   101   1080430606
01   601   1080390606
01   101   1080000606
01   601   1080710606
01   601   1080760606
01   101   1080000606
01   101   1080000606
01   601   1080000606
01   101   1080000606
01   101   1080100606
01   601   1080150606
01   601   1080140606
01   101   1080140606
01   101   1080140606
01   101   1080140606
01   601   1080140606
01   101   1080730606
01   601   1080720606
01   101   1080720606
01   101   1080370606
01   101   1080790606
01   101   1080660606
01   601   1080560606
01   601   1080620606
01   601   1080300606
01   101   1080270606
01   601   1080740606
01   101   1080590606
01   101   1080210606
01   101   1080190606
01   601   1080950606
01   601   1080220606
01   601   1080680606
01   101   1080560606
01   101   1080680606
01   101   1080880606
01   101   1080580606
01   101   1080790606
01   101   1080270606
01   101   1080200606
01   101   1080710606
01   601   1080700606
01   101   1080400606
01   601   1080910606
01   101   1080380606
01   101   1080710606
01   101   1080750606
01   101   1080840606
01   601   1080400606
01   101   1080610606
01   101   1080160606
01   101   1080660606
01   601   1080140606
01   601   1080170606
01   101   1080150606
01   101   1080150606
01   101   1080150606
01   601   1080150606
01   101   1080150606
01   101   1080110606
01   101   1080110606
01   601   1080100606
01   101   1080100606
01   101   1080110606
01   101   1080100606
01   601   1080110606
01   601   1080120606
01   101   1080110606
01   601   1080130606
01   601   1080120606
01   601   1080110606
01   101   1080110606
01   101   1080120606
01   601   1080120606
01   101   1080120606
01   601   1080120606
01   601   1080120606
01   601   1080100606
01   101   1080080606
01   101   1080070606
01   601   1080070606
01   601   1080070606
01   601   1080070606
01   601   1080070606
01   601   1080090606
01   101   1080090606
01   601   1080090606
01   101   1080090606
01   601   1080090606
01   601   1080090606
01   601   1080080606
01   101   1080100606
01   101   1080100606
01   601   1080080606
01   101   1080080606
01   601   1080080606
01   101   1080090606
01   101   1080040606
01   601   1080070606
01   101   1080050606
01   101   1080070606
01   101   1080050606
01   601   1080050606
01   101   1080050606
01   101   1080060606
01   601   1080050606
01   101   1080070606
01   601   1080060606
01   601   2280060606
01   101   1080070606
01   101   2280050606
01   601   1080060606
01   101   1080060606
01   601   1080060606
01   601   1080060606
01   101   1080050606
01   101   1080050606
01   601   1080050606
01   101   1080060606
01   601   1080060606
01   601   1080020606
01   101   1080010606
01   101   1080010606
01   101   1080010606
01   101   1080010606
01   101   1080020606
01   601   1080020606
01   601   1080020606
01   101   1080020606
01   601   1080020606
01   101   1080030606
01   601   1080030606
01   101   1080030606
01   101   1080040606
01   101   1080040606
01   101   1080030606
01   601   1080030606
01   601   1080040606
01   101   1080030606
01   101   1080790606
01   101   1080030606
01   601   1080040606
01   601   1080030606
01   101   1080020606
01   101   1080020606
01   101   1080010606
01   101   1080000606
01   601   1080000606
01   601   1080010606
01   101   1080000606
01   601   1080000606
01   101   1080000606
01   101   1080380606
01002601   1080630906
01002601   1080600906
01   101   1080690406
01   601   1080550406
01   101   1080600506
01   601   1080080406
01   101   1080070406
01   101   1080650406
01   601   1080820406
01   101   1080520406
01   101   1080450506
01   601   1080540706
01   101   1080590706
01   101   1080370706
01   101   1080120706
01   101   1080100706
01   101   1080100706
01   101   1080100406
01   601   1080060506
01059101   1080600006
01059101   1080540006
01059101   1080570006
01059101   1080690006
01059101   1080740006
01059601   1080600006
01059101   1080720006
01059601   1089990006
01059601   1080700006
01059601   1080350006
01059601   1080920006
01059601   1080890006
01059101   1080910006
01059101   1080830006
01059101   1080700006
01059601   1080570006
01059601   1080840006
01059101   1080850006
01059101   1080550006
01059601   1080740006
01059101   1080880006
01059601   1080810006
01059601   1080710006
01059101   1080850006
01059601   1080740006
01059601   1080700006
01059601   1080910006
01059601   1080360006
01059101   1080220006
01059601   1080740006
01059601   1080720006
01059101   1080750006
01059101   1080810006
01059101   1080820006
01059601   1080840006
01059601   1080810006
01059601   1080920006
01059101   1080160006
01059101   1080700006
01059101   1080850006
01059601   1080010006
01059601   1080690006
01059601   1080660006
01059101   1080620006
01059601   1080640006
01059101   1080510006
01059601   1080600006
01059601   1080130006
01059601   1080830006
01059101   1080650006
01059101   1080610006
01059101   1080610006
01059101   1080640006
01059601   1080710006
01059601   1080840006
01059101   1080590006
01059101   1080600006
01059101   1080770006
01059601   1080740006
01059101   1080720006
01059601   1080570006
01059101   1080700006
01059601   1080920006
01059601   1080650006
01059601   1080690006
01059101   1080810006
01059601   1080890006
01059601   1080870006
01059101   1080730006
01059601   1080680006
01059601   1080750006
01059101   1080690006
01059601   1080610006
01059101   1080630006
01059601   1080940006
01059101   1080640006
01059601   1080620006
01059601   1080650006
01059601   1080580006
01059101   1080630006
01059601   1080640006
01059101   1080580006
01059101   1280100006
01059601   1080580006
01059601   1080660006
01059601   1080820006
01059601   1080660006
01059601   1080550006
01059601   1080530006
01059601   1080950006
01059601   1080630006
01059101   1080720006
01059601   1080500006
01059601   1080100006
01059601   1080950006
01059601   1080920006
01059101   1080730006
01059601   1080520006
01059101   1080120006
01059101   1080140006
01059101   1080630006
01059601   1080100006
01059101   1080080006
01059601   1080400006
01059601   1080210006
01059101   1080630006
01059601   1080780006
01059101   1080330006
01059601   1080730006
01059601   1080710006
01059101   1080690006
01059101   1080560006
01059101   1080970006
01059601   1080670006
01059601   1080780006
01059601   1080650006
01059101   1080560006
01059601   1080610006
01059601   1080600006
01059101   1080630006
01059101   1080550006
01059601   1080640006
01059601   1080660006
01059601   1080640006
01059601   1080710006
01059101   1080700006
01059601   1080610006
01059601   1080710006
01059601   1080900006
01059601   1080840006
01059101   1080770006
01059601   1080600006
01059101   1080620006
01059101   1080040006
01059101   1080720006
01059601   1080110006
01059601   1080190006
01059601   1080580006
01059101   1080160006
01059101   1080100006
01059101   1080030006
01059601   1080620006
01059601   1080030006
01059601   1080180006
01059601   1080150006
01059601   1080260006
01059101   1080580006
01059601   1080810006
01059601   1080800006
01059601   1080720006
01059101   1080660006
01059601   1080750006
01059601   1080700006
01059101   1080740006
01059601   1080570006
01059601   1080750006
01059101   1080620006
01059101   1080710006
01059101   1080620006
01059601   1080770006
01059601   1080870006
01059601   1080670006
01059601   1080690006
01059601   1080920006
01059601   1080830006
01059601   1080890006
01059601   1080690006
01059601   1080680006
01059601   1080630006
01059601   1080500006
01059601   1080780006
01059601   1080630006
01059101   1080720006
01059601   1080660006
01059601   1080700006
01059601   1080640006
01059601   1080840006
01059601   1080700006
01059601   1080550006
01059101   1080500006
01059101   1080700006
01059101   1080100006
01059601   1080710006
01059601   1080600006
01059101   1080580006
01059101   1080550006
01059601   1080530006
01059601   1080510006
01059601   1080570006
01059601   1080500006
01059101   1080130006
01059101   1080440006
01059601   1080590006
01059601   1080120006
01059101   1080110006
01059601   1080130006
01059601   1080120006
01059601   1080720006
01059601   1080590006
01059601   1080710006
01059601   1080850006
01   601   1080640606
01   601   1080540606
01   601   1080660606
01   101   1080620706
03014101   1080090006
03014101   1080070006
03031101   1080781206
03121601   1080701106
03133601   1080601306
05   101   1080630806
05   101   1080150606
05   601   1080890606
05   601   1350570706
06083101   1080321206
07040601   1080520006
08   101   1080550806
08019101   1080050006
08   601   1080580406
08   101   1080580806
08305601   1080561106
09059601   1080480006
09   601   1080710506
09   601   1080470106
09   601   1080430806
09219601   1080351106
09219601   1080841106
09219101   1080841106
09219601   1080541106
09219101   1080831106
09   601   1080700306
09   101   1080690306
10   101   1080570506
10   101   1080040706
10   101   1080600806
10   601   1080390806
14   101   1080360806
17   101   1080120306
17   601   1080830706
18003101   1080550906
18   601   1080490806
18023101   1080201006
18023601   1080231006
18023601   1080501006
18140601   1080791206
20009101   1080910906
20009601   1080660906
20   601   1080740506
20   101   1080580806
20018601   1080590906
20019601   1080650906
20030101   1080851006
20030101   1080691006
20036101   1080640906
20   101   1080720606
20045601   1080541206
20045101   1080521206
20045601   1080561206
20   601   1080810506
20067601   1080651106
20069601   1080610006
20069101   1080670006
20069101   1080890006
20069101   1080780006
20069101   1080620006
20069101   1080780006
20069601   1080590006
20069601   1080930006
20   601   1080400806
20074101   1080800906
20074101   1080750906
20   101   1080850806
20   601   1080910806
20   601   1080890806
26   101   1080520406
26   101   1080460706
26   101   1080450406
26089601   1080820006
26089601   1080700006
27   101   1080790606
27066601   1080420906
28007601   1080711406
28068101   1080180906
28079101   1080750006
28079601   1080550006
28079101   1080810006
28079601   1080940006
28079101   1080740006
28079601   1080080006
28079601   1080670006
28079601   1080790006
28079601   1080040006
28079601   1080020006
28079601   1080900006
28079601   1080680006
28127601   1080711306
28   601   1080950606
29067601   1080820006
30016601   1080761406
30016101   1080541406
31   601   1080700806
31   101   1080130506
31016101   1080760906
31   101   1080510306
31097601   1080870906
31   601   1080570606
31   101   1080820306
31   601   1080660206
32054601   1080230006
32   601   1080780806
34   101   1080650806
34   601   1080580606
34120101   1080650006
35018101   1080530906
36   101   1080740606
36   601   1080670606
36023601   1080060906
36   601   1080430806
36057101   1080831506
37   101   1080470806
39020101   1080551106
39075101   1080170006
40194601   1080620006
40194601   1080940006
41011601   1430420906
41017101   1080551006
41   101   1080370606
41   101   1080480806
41081101   1080631106
41091101   1080820006
43   101   1080410806
45   601   1080930606
45   101   1080570706
46070601   1080711006
46250601   1080510006
48   601   1080490806
48003101   1080390906
48011601   1080090906
48015601   1080791106
48020101   1080860006
48020101   1080120006
48020101   1080670006
48020101   1080900006
48020601   1080870006
48020601   1080720006
48020101   1080780006
48020601   1080640006
48020101   1080980006
48020101   1080840006
48020601   1080790006
48036101   1080761006
48046101   1080690906
48080601   1080900906
48   601   1080630806
50067101   1080551006
50   601   1080810806
50297601   1080840006
50297601   1080570006
50297601   1080850006
50297101   1080720006
50297601   1080790006
50297601   1080610006
50297601   1080640006
50297101   1080560006
50297601   1080890006
50297101   1080820006
50297101   1080720006
50297601   1080600006
01   6010021080500609
01   6010021080230609
010021010021080370909
010026010021080590909
010026010021080670909
010026010021080630909
010021010021080710909
010026010021080650909
010026010021080190909
010021010021080620909
010026010021080190909
010021010021080190909
010026010021080180909
010021010021080180909
010026010021080180909
010026010021080180909
010021010021080180909
010026010021080180909
010021010021080180909
010026010021080180909
010026010021080180909
010026010021080180909
010021010021080240909
010021010021080180909
010021010021080180909
010026010021080130909
010026010021080160909
010021010021080000909
010021010021080000909
010026010021080000909
010021010021080000909
010026010021080000909
010026010021080000909
010026010021080000909
010026010021080000909
010026010021080030909
010021010021080020909
010021010021080020909
010021010021080030909
010021010021080030909
010021010021080030909
010026010021080080909
010026010021080080909
010026010021080080909
010021010021080080909
010021010021080080909
010026010022030080909
010021010021280080909
010026010021080080909
010021010021080080909
010021010021080080909
010021010021080070909
010021010021080070909
010026010021080660909
010021010021080740909
010026010021080220909
010021010021080180909
010021010021080190909
010021010021080180909
010026010021080310909
010026010021080520909
010021010021080340909
010026010021080620909
010026010021080730909
010026010021080170909
010021010021080170909
010021010021080620909
010026010021080590909
010021010021080230909
010021010021080570909
010021010021080170909
010026010021080360909
010021010021080300909
010021010021080200909
010021010021080770909
010026010021080770909
010021010021080800909
010026010021080790909
010021010021080840909
010021010021080510909
010021010021080820909
010026010021080490909
010021010021080820909
010021010021080500909
010026010021080490909
010026010021080520909
010026010021080490909
010021010021080810909
010026010021080560909
010026010021080490909
010021010021080260909
010021010021080550909
010026010021080200909
010021010021080560909
010021010021080230909
010026010021080920909
010026010021080570909
010026010021080750909
010021010021080670909
010021010021080670909
010021010021080650909
010021010021080220909
010026010021080720909
010026010021080500909
010021010021080760909
010021010021080790909
010021010021080240909
010026010021080560909
010021010021080230909
010021010021080190909
010026010021080470909
010026010021080210909
010021010021080670909
010021010021080570909
010021010021080750909
010026010021080810909
010026010021080540909
010021010021080470909
010021010021080650909
010026010021080570909
010021010021080750909
010026010021080680909
010026010021080500909
010026010021080880909
010021010021080540909
010026010021080340909
010026010021080630909
010026010021080750909
010026010021080300909
010026010021080230909
010021010021080490909
010021010021080330909
010026010021080940909
010026010021080690909
010021010021080430909
010026010021080290909
010026010021080720909
010021010021080820909
010026010021080760909
010026010021080570909
010026010021080570909
010021010021080250909
010026010021080540909
010021010021080300909
010021010021080210909
010021010021080570909
010021010021080550909
010021010021080550909
010026010021080290909
010026010021080550909
010021010021080550909
010021010021080580909
010021010021080200909
010021010021080200909
010021010021080230909
010026010021080210909
010026010021080570909
010026010021080210909
010021010021080280909
010021010021080780909
010021010021080320909
010026010021080580909
010021010021080540909
010026010021080210909
010026010021080780909
010026010021080540909
010021010021080220909
010026010021080670909
010026010021080720909
010026010021080630909
010026010021080360909
010026010021080220909
010021010021080570909
010026010021080550909
010026010021080230909
010026010021080600909
010026010021080200909
010021010021080680909
010026010021080290909
010021010021080660909
010021010021080260909
010021010021080230909
010021010021080360909
010021010021080300909
010021010021080270909
010026010021080200909
010026010021080500909
010021010021080760909
010021010021080460909
010021010021080840909
010026010021080820909
010021010021080500909
010026010021080210909
010026010021080230909
010021010021080720909
010026010021080690909
010026010021080930909
010026010021080230909
010026010021080200909
010021010021080840909
010026010021080850909
010021010021080900909
010021010021080540909
010026010021080280909
010021010021080580909
010021010021080200909
010026010021080500909
010021010021080640909
010021010021080290909
010021010021080660909
010026010021080330909
010026010021080650909
010021010021080670909
010026010021080810909
010026010021080660909
010021010021080670909
010026010021080810909
010021010021080760909
010026010021080690909
010026010021080350909
010026010021080890909
010021010021080350909
010021010021080640909
010026010021080580909
010026010021080410909
010021010021080540909
010021010021080220909
010026010021080440909
010021010021080470909
010026010021080760909
010026010021080490909
010021010021080460909
010026010021080460909
010021010021080300909
010021010021080630909
010026010021080310909
010021010021080650909
010021010021080500909
010021010021080760909
010026010021080890909
010021010021080640909
