01   10191060420101108134      101059   313099    116331                               
01   01193511120101108101      101      100075    111331                               
01   10193610420101108101059   101059   100073    166331                               
0100206191710120101108101      101002   313092    212331                               
0100212192060120101108101002   101002   300089    222331                               
0100211192210120101108101002   101002   313087    222331                               
0100207192160120101108123087   101002   313088    222331                               
0100202194310120101108101002   101002   113066    222331                               
0100210193260120101108148      148      313077    211331                               
0100210192510220101108111021   101002   300084    222331                               
0100204192910320101108101      101002   213080    212331                               
0100202191360320101108101002   101002   313097    222331                               
0100209192810320101108126      101002   213081    212331                               
0100202191210120101108101      101002   100097    212331                               
0100201196010420101108101002   101002   200050    222331                               
0100205193510520101108101002   101002   213074    222331                               
0100206192060520101108101      101002   313089    212331                               
0100211192910620101108102      101002   113080    212331                               
