15000013011D0121361E01237 922 0 0 030 0 312 6 0  0316 06 0   123.62     0.00     0.00   184.63     0.00     0.00 17.74 279.2812 06  06  06  06  0   4420.14   404.83     0.0006       16.96
15000013021D0121311E01435 911 0 0 030 0180040 0  0316 06 0   824.11     0.00     0.00  1066.76     0.00   277.90131.142065.0512 06  06  06  06  0  27437.38  4956.12     0.0005       16.96
15000013031D0121311L00136 922 0 0 030 0 312 6 0  0316 06 0   122.87     0.00     0.00   238.38     0.00     0.00 19.33 304.5512 06  06  06  06  0   5630.07   384.73     0.0006       16.96
15000013041D0121311N00133 011 0 0 030 0180040 0  0316 06 0   821.17     0.00     0.00   382.76     0.00    84.28 88.751397.7412 06  06  06  06  0  17799.44  3303.86     0.0005       16.96
15000013051D0121311N001 1 011 0 0 030 0180040 0  0316 06 0  1039.66     0.00     0.00   137.60     0.00   117.73 69.361092.4312 06  06  06  06  0  14588.46     0.00     0.0004       16.96
15000013061D0121312N001 2 911 0 0 030 0180040 0  0316 06 0   793.80     0.00     0.00   143.50     0.00    46.87 68.581080.0012 06  06  06  06  0  14589.93  2688.51     0.0005       16.96
15000013071D0121311N001 21011 0 0 030 0180040 0  0316 06 0  1041.97     0.00     0.00   226.81     0.00     0.00 75.181183.9512 06  06  06  06  0  14990.58     0.00     0.0004       16.96
15000036011C8314361D004351011 0 021 0 316753815  0311126 0  2967.55     0.00     0.00     0.00     0.00   623.45201.603174.8412 011536  06  06  0  41658.71  6048.08    58.4005       73.24
15000036021C8314361C007101011 0 025 0 316753815 51316 06 0  2333.40     0.00   881.72   164.46     0.00   642.12235.833144.5412 06  06  06  01  1  38556.80  5469.56    58.4003       73.24
15000036031C8314311D00729 611 0 025 0 316753815  0316 06 0  2653.89     0.00     0.00    61.06     0.00   547.61203.083198.0012 01  96  06  01  1  39319.16  5896.82    58.4005       73.24
15000036041C8314311K00327 011 0 025 0 316753815  7316 06 0  2491.01     0.00   143.48   218.29     0.00   616.20207.773198.0012 01 186  06  01  1  41646.88  5830.00    58.4005       73.24
15000036051C8314311D01335 011 0 025 0 316753815103316 06 0  2857.77     0.00  2268.82   405.36     0.00  1627.42330.103198.0012 06  06  06  01  1  71078.41  6074.04    58.4005       73.24
15000036061C8314311C00734 011 0 020 0 316753815 28316 06 0  3217.67     0.00   602.44    64.87     0.00   935.89226.873198.0012 06  06  06  01  1  54883.73  6308.20    58.4005       73.24
15000036071C8314311D004281011 0 025 0 316753815 22316 06 0  2688.74     0.00   446.68   330.02     0.00   754.68219.963198.0012 06  06  06  01  1  48844.49  5949.37    58.4005       73.24
15000036081C8314311K00411 011 0 024 0 316753815  0316 06 0  2515.76     0.00     0.00   177.39    78.67   546.71203.083198.0012 06  06  06  01  1  39664.87  5880.36    58.4004       73.24
15000036091C8314311D00329 011 0 024 0 316753815  0311316 0  3851.79     0.00     0.00     0.00     0.00   887.96203.073198.0012 01 526  06  06  0  52107.99  5886.49    58.4004       73.24
15000036101C8314311L01628 011 0 028 0 316753815  7316 06 0  2663.40     0.00   139.22   117.12     0.00   648.47208.393198.0012 06  06  06  01  1  45510.20  5891.59    58.4004       73.24
15000036111C8314311D00526 011 0 025 0 316753815  0316 06 0  2460.93     0.00     0.00   118.23     0.00   449.55192.063024.7012 01 126  06  01  1  37403.90  5710.83    58.4004       73.24
15000036121C8314311D01324 011 0 025 0 316753815 10316 06 0  2638.65     0.00   249.68   584.31   537.52   763.98210.703198.0012 06  06  06  01  1  46294.11  5842.23    58.4004       73.24
15000036131C8314311C017 6 311 0 030 0 316753815 74316 06 0  2733.96     0.00  1376.29   188.48     0.00   951.16260.363198.0012 06  06  06  01  1  53914.37  5746.45    58.4004       73.24
15000036141C8314361D00426 011 0 024 0 316753815 15316 06 0  2466.26     0.00   267.43    65.65     0.00   573.02209.533111.7212 06  06  06  01  1  38917.69  5716.38    58.4004       73.24
15000036151C8314311L00327 511 0 025 0 316753815 12316 06 0  2303.94     0.00   182.85   185.85     0.00   551.63200.752996.1112 06  06  06  01  1  42673.46  5680.17    58.4005       73.24
15000036161C8314311L00325 111 0 025 0 316753815 10316 06 0  2328.69     0.00   163.60   135.39     0.00   477.19200.413027.3912 06  06  06  01  1  37672.60  5681.37    58.4005       73.24
15000036171C8314311L00311 611 0 025 0 316753815  0316 06 0  2327.16     0.00     0.00    93.80     0.00   474.02187.452951.9612 01  66  06  01  1  35698.74  5630.44    58.4005       73.24
15000036181C8314311E00333 011 0 027 0 316753815  0316 06 0  2327.16     0.00     0.00   113.23     0.00   488.08190.452999.0712 01  96  06  06  0  32580.80  5736.51    58.4005       73.24
15000036191C8314311D00329 011 0 025 0 316753815 20316 06 0  2916.34     0.00   431.33   369.24     0.00   827.26218.013198.0012 06  06  06  01  1  51565.86  5888.57    58.4004       73.24
15000036201C8314311K00326 011 0 025 0 316753815  0316 06 0  2167.07     0.00     0.00    59.48     0.00   366.94174.722751.5312 01 526  06  01  1  34355.32  5539.57    58.4004       73.24
15000036211C8314311M00619 811 0 027 0 316753815  0316 06 0  2119.67     0.00     0.00   139.84    74.09   398.58174.102741.7112 06  06  06  01  1  32994.15  5307.05    58.4003       73.24
15000036221C8314311L00710 511 0 021 0 316753815  7316 06 0  2011.05     0.00    85.64   110.03     0.00   414.64171.652617.4112 01  36  06  01  1  33755.50  5288.88    58.4003       73.24
15000036231C8314311M003 8 211 0 025 0 316753815  0316 06 0  2130.69     0.00     0.00   265.47     0.00   431.31182.172868.7612 01 126  06  01  1  35052.40  5312.97    58.4003       73.24
15000036241C8314311K00327 411 0 025 0 316753815  0311186 0  2252.88     0.00     0.00     0.00     0.00   405.52164.432589.4412 012186  06  01  1  32497.64  5537.15    58.4004       73.24
15000036251C8314311M005 2 111 0 020 0 316753815 25316 06 0  1653.34     0.00   263.48   549.91   265.93   335.97186.012683.3012 01 126  06  01  1  31832.66  4835.92    58.4003       73.24
15000047011E0211361A018 7 111 0 0 031 8160037 0  0316 06 0  2321.63     0.00     0.00   969.20     0.00   756.89203.083198.0012 01 771 616  06  0  40349.92  7387.39   313.8803       13.01
15000047021E0211311D01720 111 0 0 031 8160037 0  0316 06 0  2397.27     0.00     0.00  1548.97     0.00   947.10203.083198.0012 06  06  06  06  0  54252.40 10843.76   116.5105       13.01
15000047031E0211361D00818 711 0 0 031 8160037 0  0316 06 0  2321.63     0.00     0.00   788.06     0.00   746.33203.083198.0012 06  06  06  06  0  42997.11  8790.52    12.7804       13.01
15000047041E0211311D01628 311 0 0 031 8160037 0  0316 06 0  2021.16     0.00     0.00  1400.20     0.00   821.13203.083198.0012 06  06  06  06  0  47228.32  9593.36   109.3905       13.01
15000047051E0211311E00432 911 0 0 031 8160037 0  0316 06 0  2021.16     0.00     0.00   955.67     0.00   714.44203.083198.0012 06  06  06  06  0  41138.60  8393.47   173.6105       13.01
15000047061E0211311O00428 011 0 0 031 8160037 0  0316 06 0  1660.49     0.00     0.00   840.81     0.00   500.26203.083198.0012 01 226  06  06  0  34765.38  7251.08    88.6205       13.01
15000047071E0211361D006 4 711 0 0 031 8160037 0  0316 06 0  1497.33     0.00     0.00   451.74     0.00   350.83171.952707.9712 06  06  06  06  0  27302.14  5862.37    83.8403       13.01
15000047081E0211311K00138 211 0 0 031 8160037 0  0316 06 0  1660.49     0.00     0.00  1007.91     0.00   533.68203.083198.0012 01  66  06  06  0  36512.10  7159.70     0.0006       13.01
15000047091E0211311K003241011 0 0 031 8160037 0  0311246 0  2748.69     0.00     0.00     0.00     0.00   549.38203.073198.0012 011406  06  06  0  39543.71  6559.48     0.0005       13.01
15000047101E0211311D00613 511 0 0 031 8160037 0 18316 06 0  1497.33     0.00   643.92   588.46     0.00   518.64218.872890.2712 01  26  06  06  0  36679.52  6098.77     2.1903       13.01
15000047111E0211311K00128 311 0 0 031 8160037 0  0316 06 0  1602.97     0.00     0.00   832.18     0.00   487.03203.083198.0012 06  06  06  06  0  33829.38  7042.73    74.1405       13.01
15000047121E0211311D006 4 511 0 0 031 8160037 0  4316 06 0  1327.86     0.00    55.96   559.11     0.00   345.26170.252681.1312 01  66  06  06  0  34330.72  5634.40    43.3503       13.01
15000047131E0211311D007 8 311 0 0 031 8160037 0  0316 06 0  1390.08     0.00     0.00   496.41   236.31   339.57181.662860.8512 06  06  06  06  0  26171.57  5420.18     0.0003       13.01
15000047141E0211311K001 3 711 0 0 031 8160037 0  0316 06 0  1327.86     0.00     0.00   411.12     0.00   313.02154.172427.8512 06  06  06  06  0  24385.72  5256.94    28.0503       13.01
15000047151E0211311D00621 311 0 0 031 8160037 0  0316 06 0  1390.08     0.00     0.00   993.90   208.51   476.80201.163096.3612 06  06  06  06  0  32316.64  6092.86     0.0004       13.01
15000047161E0211311D00619 211 0 0 031 8160037 0  0316 06 0  1390.08     0.00     0.00   899.83   236.31   457.98195.813083.6612 06  06  06  06  0  31481.65  6292.64   112.8004       13.01
15000053011H1321311E005311111 0 0 030 0182640 0  0316 06 0  1064.58     0.00     0.00  1032.26     0.00   314.53163.792579.4512 06  06  06  01  1  30613.21  5684.65     0.0005       11.23
15000053021H1321311N00237 811 0 0 030 0182640 0  0316 06 0  1080.35     0.00     0.00  1427.06   383.26   434.03187.572953.8712 01 666  06  06  0  37680.41  5970.02     0.0006       11.23
15000053031H1321311N00234 711 0 0 030 0182640 0  0316 06 0  1080.35     0.00     0.00  1139.60   343.03   354.75169.952676.3112 01 111  46  01  1  31505.40  5778.57     0.0005       11.23
15000053041H1321311N00233 611 0 0 030 0182640 0  0316 06 0  1080.35     0.00     0.00  1304.42   368.66   251.12177.852800.8912 06  01  66  06  0  31431.02  5563.08     0.0005       11.23
15000053051H1321311N00420 911 0 0 030 0182640 0  0316 06 0  1080.35     0.00     0.00  1949.90   377.22   540.60203.083198.0012 01 396  06  06  0  38410.39  4912.06     0.0004       11.23
15000053061H1321311N00615 611 0 0 030 0182640 0  0316 06 0  1080.35     0.00     0.00  2199.56   387.34   608.75203.083198.0012 06  06  06  06  0  41367.30  4534.96     0.0004       11.23
15000053071H1321311N00311 511 0 0 030 0182640 0  0316 06 0  1085.35     0.00     0.00   611.49   352.86   227.38126.571993.2012 06  01  56  01  1  23693.61  4172.48     0.0003       11.23
15000053081H1321311N002 51111 0 0 030 0182640 0  0316 06 0  1080.35     0.00     0.00   702.36   313.49   219.27130.622057.0412 06  01 136  01  1  25332.52  3773.38     0.0003       11.23
15000053091H1321311H003 7 411 0 0 030 0182640 0  0316 06 0  1089.34     0.00     0.00   431.47   207.59   197.71117.941857.3112 06  06  06  06  0  22481.77  3895.44     0.0003       11.23
15000053101H1321311N00315 111 0 0 030 0182640 0  0316 06 0  1080.35     0.00     0.00   915.90   310.96   299.44148.872344.4512 06  01  36  01  1  28422.73  4443.30     0.0004       11.23
15000053111H1321311N00311 511 0 0 030 0182640 0  0316 06 0  1080.35     0.00     0.00  1554.10   353.81   447.86186.002929.2112 06  06  06  06  0  32597.46  4214.30     0.0003       11.23
15000053121H1321311N00412 011 0 0 030 0182640 0  0316 06 0  1080.35     0.00     0.00   580.69   322.06   332.21124.611962.4012 06  06  06  06  0  22801.07  2869.67     0.0003       11.23
15000053131H1321311N003 21111 0 0 030 0182640 0  0311 26 0  1487.43     0.00     0.00     0.00     0.00   193.36114.841808.4412 01 636  06  06  0  21480.80  3631.70     0.0003       11.23
15000053141H1321311N006 5 511 0 0 030 0182640 0  0316 06 0  1080.35     0.00     0.00  1167.74   271.04   241.22161.222538.9212 06  06  06  06  0  26164.41  3842.79     0.0003       11.23
15000053151H1321311N006 21111 0 0 030 0182640 0  0316 06 0  1080.35     0.00     0.00  1267.65   371.55   363.00164.922597.2612 06  01  26  06  0  30381.58  3619.50     0.0003       11.23
15000053161H1321311N003 4 211 0 0 030 0182640 0  0316 06 0  1080.35     0.00     0.00   491.95   341.35   240.40117.051843.3312 01 131  66  06  0  21599.17  3701.25     0.0003       11.23
15000053171H1321311N003 2 111 0 0 030 0182640 0  0316 06 0  1080.35     0.00     0.00   900.18   304.78   291.34142.222239.6912 01 466  06  01  1  25421.97  3610.24     0.0002       11.23
15000053181H1321311N003 3 912 0 0 030 0182640 0  0316 06 0  1080.35     0.00     0.00  1275.18   381.50   255.58164.442589.6212 06  01 136  06  0  30249.14  3436.27     0.0002       11.23
15000053191H1321311N006 4 211 0 0 030 0182640 0  0316 06 0  1080.35     0.00     0.00  1937.13   351.59   593.84203.083198.0012 06  06  06  06  0  38593.88  3739.58     0.0003       11.23
15000053201H1321311N003 2 411 0 0 030 0182640 0  0316 06 0  1080.35     0.00     0.00  1525.82   355.06   440.44181.322855.4312 06  06  06  06  0  31988.55  3616.34     0.0002       11.23
15000053211H1321311N003 1 011 0 0 030 0182640 0  0316 06 0  1080.35     0.00     0.00   342.61   302.29   196.94105.851666.9512 06  01  16  01  1  22426.96  2418.14     0.0003       11.23
15000053221H1321311L005 5 511 0 0 030 0182640 0  0316 06 0  1056.48     0.00     0.00   832.09     0.00   283.29140.652214.9212 01  96  06  06  0  25095.82  3757.90     0.0002       11.23
15000064011K0324161C008191111 0 025 0 4170039 0  0316 06 0  2717.19     0.00     0.00  1618.33     0.00  1254.27203.073198.0012 06  06  06  06  0  77647.44 31303.97   122.8204       35.30
15000064021K0324111D00426 411 0 025 0 417004030  0316 06 0  2768.49     0.00     0.00  1874.24     0.00  1392.82203.073198.0012 06  06  06  06  0  82819.06 35718.05  2220.0004       35.30
15000064031K0324111E01436 211 0 025 0 4170039 0  0316 06 0  2965.96     0.00     0.00  1846.62     0.00  1530.14203.073198.0012 06  06  06  06  0  79703.20 29897.81   138.0005       35.30
15000064041K0324111C00823 911 0 025 0 4170039 0  0316 06 0  2723.93     0.00     0.00  2701.83     0.00  1778.42203.073198.0012 06  06  06  06  0  89112.08 35609.21   541.7904       35.30
15000064051K0324111E00435 011 0 025 0 417004030  0316 06 0  1999.81     0.00     0.00  1490.15     0.00   765.35203.073198.0012 06  06  06  06  0  48940.82 12671.06   435.0005       35.30
15000064061K0324161E00429 011 0 025 0 4170039 0  0316 06 0  2357.09     0.00     0.00  1004.79    85.15   743.98203.073198.0012 06  06  06  06  0  59562.09 21460.76   430.2904       35.30
15000064071K0324161A008 7 911 0 025 0 417004030  0316 06 0  2150.57     0.00     0.00   669.97     0.00   755.62203.073198.0012 06  06  06  06  0  57558.20 29553.30  2718.0003       35.30
15000064081K0324161E00814 311 0 025 0 4170039 0  0316 06 0  2337.43     0.00     0.00  2244.25     0.00  1592.82203.073198.0012 06  06  06  06  0  99571.10 41866.07  3908.7703        1.48
15000064091K0324111I014371011 0 025 0 4170039 0  0316 06 0  2436.94     0.00     0.00  1196.95     0.00  1061.66203.073198.0012 06  06  06  06  0  75475.24 37716.44  1144.5205       35.30
15000064101K0324111A00817 411 0 025 0 4170039 0  0316 06 0  2211.29     0.00     0.00  1063.75     0.00   985.03203.073198.0012 06  06  06  06  0  74664.25 40421.62    42.3604       35.30
15000064111K0324111A008 51111 0 025 0 417004030  0316 06 0  2138.96     0.00     0.00  1300.43     0.00   965.09203.073198.0012 06  06  06  06  0  66009.29 30858.57  2930.7203       35.30
15000064121K0324111C00730 011 0 025 0 4170039 0  0316 06 0  2269.88     0.00     0.00   928.19     0.00   917.19203.073198.0012 06  06  06  06  0  55491.18 23008.80  1268.1605       35.30
15000064131K0324111A00811 711 0 025 0 417004030  0316 06 0  2173.96     0.00     0.00  1688.26     0.00  1064.29203.073198.0012 06  06  06  06  0  64584.26 29677.58  5557.7103       35.30
15000064141K0324111A018 4 711 0 025 0 417004030  0316 06 0  2133.65     0.00     0.00  1112.62     0.00   780.40203.073198.0012 06  06  06  06  0  47313.73 15239.72   207.8603       35.30
15000064151K0324161E00626 011 0 025 0 417004030  0316 06 0  2130.90     0.00     0.00   525.54     0.00   531.29203.073198.0012 06  06  06  06  0  42099.64 16488.15   587.6304       35.30
15000064161K0324161E008 7 111 0 025 0 417004030  0316 06 0  2044.78     0.00     0.00   422.02     0.00   396.96203.073198.0012 06  011126  06  0  28024.38  5631.57  3000.5703       35.30
15000064171K0324161E008 4 011 0 025 0 417004030  0316 06 0  1922.01     0.00     0.00   714.61     0.00   527.32203.073198.0012 06  06  06  06  0  41272.22 14711.87    15.8303       35.30
15000064181K0324161E00813 411 0 025 0 417004030  0316 06 0  2097.86     0.00     0.00   778.01     0.00   671.23203.073198.0012 06  01 506  06  0  41382.72 17404.89  2169.2603       35.30
15000064191K0324161E00812 411 0 025 0 417004030  0316 06 0  1972.78     0.00     0.00   766.62     0.00   546.46203.073198.0012 06  06  06  06  0  39685.38 12794.69   466.2403       35.30
15000064201K0324111D00813 511 0 025 0 417004030  0316 06 0  1976.93     0.00     0.00   425.83     0.00   506.26203.073198.0012 06  06  06  06  0  42134.37 19185.85  1121.0403       35.30
15000064211K0324111E008 3 911 0 025 0 417004030  0316 06 0  1850.97     0.00     0.00   826.00     0.00   551.19197.953198.0012 06  06  06  06  0  39819.27 13029.87   325.3002       35.30
15000064221K0324111E005 4 011 0 025 0 417004030  0316 06 0  1926.16     0.00     0.00   863.12     0.00   585.75203.073198.0012 06  06  06  06  0  42474.74 14319.01   123.8502       35.30
15000064231K0324161E00435 611 0 025 0 417004030  0316 06 0  1971.21     0.00     0.00   788.81    85.15   522.20203.073198.0012 06  06  06  06  0  38891.31 11869.40    95.6805       35.30
15000064241K0324111E00742 411 0 025 0 417004030  0316 06 0  2088.12     0.00     0.00   805.16     0.00   609.90201.063166.2012 06  06  06  06  0  41563.03 13761.58   390.6805       35.30
15000064251K0324111E00328 811 0 025 0 417004030  0316 06 0  1831.98     0.00     0.00   899.63     0.00   519.01203.073198.0012 06  06  06  06  0  38869.37 11204.57   175.1004       35.30
15000068011K0311111A018 31011 0 025 0 0168040 0  0316 06 0  2564.43  5205.96     0.00  4235.51     0.00  3832.48203.083198.0012 06  06  06  06  0 105565.59 16863.14     0.0003        1.48
15000068021K0311161A01428 311 0 025 0 0168040 0  0316 06 0  2159.04  5436.02     0.00  1366.60     0.00  2334.45203.083198.0012 06  06  06  06  0  63482.29 18052.31   490.5305      119.32
15000068031K0311161A01814 211 0 025 0 0168040 0  0316 06 0  1916.12  4339.38     0.00   986.04     0.00  1759.45203.083198.0012 01  46  06  06  0  51825.64 14162.60   395.5603      119.32
15000068041K0311161C008 5 011 0 025 0 0168040 0  0316 06 0  1754.24  3491.99     0.00   926.37     0.00  1446.06203.083198.0012 06  06  06  06  0  45665.98 11380.16     0.0003      119.32
15000068051K0311111F00838 622 0 025 0 0168035 0  0316 06 0   271.78   823.37     0.00  1504.17     0.00   445.35155.052441.7412 06  06  06  06  0  29399.07  7428.48    95.1006      119.32
15000068061K0311111D00437 011 0 025 0 0168040 0  0316 06 0  1811.86  4731.13     0.00   714.63     0.00  1892.20203.083198.0012 06  06  06  06  0  59173.89 27546.77   182.7905      119.32
15000068071K0311111A01726 311 0 025 0 0168040 0  0316 06 0  1916.12  5211.98     0.00  1511.75     0.00  2249.23203.083198.0012 06  06  06  06  0  60695.02 17242.40     0.0005      119.32
15000068081K0311111D00426 911 0 025 0 0168040 0  0316 06 0  1916.12  5126.88     0.00  1137.24     0.00  1985.78203.083198.0012 06  06  06  06  0  54832.53 16945.04  2147.0504      119.32
15000068091K0311111C008131011 0 025 0 0168040 0  0316 06 0  1811.86  3981.40     0.00   369.05     0.00  1327.10203.083198.0012 06  06  06  06  0  41428.95 12991.24   177.8703      119.32
15000068101K0311111A01811 211 0 025 0 0168040 0  0316 06 0  2159.04  4697.69     0.00  1896.20     0.00  2795.85203.083198.0012 06  06  06  06  0  66960.81 15185.75  5689.3403      119.32
15000068111K0311111A01824 611 0 025 0 0168040 0  0316 06 0  2159.04  6811.54     0.00  3479.24     0.00  3802.73203.083198.0012 06  06  06  06  0  88618.12 22532.59  1955.7504        1.48
15000068121K0311161D00232 211 0 025 0 0168040 0  0316 06 0  1696.63  4464.72     0.00   721.27     0.00  1419.49203.083198.0012 06  06  06  01  1  55029.77 25365.73   959.8505      119.32
15000068131K0311161D00612 111 0 025 0 0168040 0  0316 06 0  1619.77  3176.63     0.00   507.81     0.00  1097.31203.083198.0012 06  06  06  06  0  38153.72 10410.54  3629.6103      119.32
15000068141K0311111A01247 311 0 025 0 0168040 0  0316 06 0  2159.04  5286.37     0.00  1143.10     0.00  2170.10203.083198.0012 06  06  06  06  0  63075.50 31007.46   265.2306      119.32
15000068151K0311111F00438 011 0 025 0 0168040 0  0316 06 0  1696.63  4926.43     0.00  1171.60     0.00  2325.16203.083198.0012 06  06  06  06  0  64446.63 28753.28  4740.2806      119.32
15000068161K0311111C01828 411 0 025 0 0168040 0  0316 06 0  2159.04  6317.27     0.00  4083.29     0.00  4126.66203.083198.0012 06  06  06  06  0 100088.15 20853.76     0.0004        1.48
15000068171K0311111F008 31011 0 025 0 0168040 0  0316 06 0  1565.45  3192.89     0.00   263.60     0.00   853.18189.012976.4812 01 626  06  06  0  37820.91 11288.14   148.8503      119.32
15000068181K0311111F00611 411 0 025 0 0168040 0  0316 06 0  1261.03  2572.01     0.00   251.43     0.00   709.24176.502779.5012 06  06  06  06  0  29102.79  8429.06  3052.9803      119.32
15000068191K0311161F004261011 0 025 0 0168040 0  0316 06 0  1619.77  3336.82     0.00   993.29     0.00  1070.03203.083198.0012 06  06  06  06  0  39189.42 11041.00   232.6604      119.32
15000068201K0311161D007 31111 0 025 0 0168040 0  0316 06 0  1077.99  2114.11     0.00   507.81     0.00   700.44152.692404.6312 06  06  06  06  0  28472.32  7111.48     0.0003      119.32
15000068211K0311161D008 3 311 0 025 0 0168040 0  0316 06 0  1077.39  2114.11     0.00   456.40     0.00   651.17167.732641.4712 06  06  06  06  0  27110.71  7470.22  3315.7702      119.32
15000068221K0311111F00733 622 0 025 0 0168035 0  0316 06 0   254.49   632.79     0.00   678.17     0.00     0.00 87.831383.1112 06  06  06  06  0  16615.65  4827.32   138.1906      119.32
15000068231K0311111A01729 711 0 025 0 0168040 0  0316 06 0  1916.12  5067.55     0.00   845.36     0.00  2103.72203.083198.0012 06  06  06  06  0  65607.31 29696.58   324.6805      119.32
15000068241K0311111D008 5 011 0 025 0 0168040 0  0316 06 0  1261.03  2473.09     0.00   575.88     0.00   792.46176.612781.1912 06  06  06  06  0  32120.88  8104.87   173.6503      119.32
15000068251K0311111D008 4 111 0 025 0 0168040 0  0316 06 0  1619.77  3176.63     0.00   507.81     0.00  1100.47203.083198.0012 06  06  06  06  0  38361.44 10475.35  3065.3902      119.32
15000071011Q0321211B01828 911 0 0 030 0180238 0  0316 06 0  1235.14  1790.95     0.00 11109.83     0.00  4467.64203.083198.0012 06  06  06  06  0 136315.04  8918.81     0.0005        3.72
15000071021Q0321211B01820 711 0 0 030 0180238 0  0316 06 0  1358.61  1766.19     0.00  4552.16     0.00  2419.17203.083198.0012 06  06  06  06  0 112888.56  6581.21     0.0004        3.72
15000071031Q0321262B017 3 011 0 0 030 0180238 0  0311 46 0  1202.31     0.00     0.00     0.00     0.00   144.19 90.851430.6312 01  46  06  06  0  17347.25  2919.58     0.0003       57.95
15000071041Q0321261B01715 321 0 0 030 0 94520 0  0316 06 0   501.79     0.00     0.00   532.91    17.38   175.20 62.83 989.3612 06  06  06  06  0  11878.83  1834.40     0.0004       57.95
15000071051Q0321261B017 9 922 0 0 030 0 276 6 0  0316 06 0   982.65  1130.05     0.00   815.63     6.91   311.80111.171750.7412 01  36  06  06  0  21005.81  3390.15     0.0003       57.95
15000071061Q0321261B017 6 711 0 0 030 0180238 0  0316 06 0   957.24  1005.10     0.00   488.69     6.91   270.03107.451692.1012 01 406  06  06  0  21005.81  3015.30     0.0003       57.95
15000071071Q0321261B017 31011 0 0 030 0180238 0  0316 06 0   957.24  1005.10     0.00   427.82     0.00   313.40103.581631.2312 06  06  06  06  0  19420.20  3015.30     0.0003       57.95
15000071081Q0321261B01720 711 0 0 030 0180238 0  0316 06 0   982.65  1277.45     0.00   910.43     6.91   434.54122.881935.0012 06  06  06  06  0  23306.59  3832.35     0.0005       57.95
15000071091Q0321211B017 9 711 0 0 030 0180238 0  0316 06 0   982.65  1130.05     0.00  3298.88     0.00  1362.09203.083198.0012 06  06  06  06  0  44999.74  3390.15     0.0003       57.95
15000071101Q0321261D01527 711 0 0 030 0180238 0  0311316 0  1545.07     0.00     0.00     0.00     0.00   108.19119.021874.4012 01 796  06  06  0  22391.40  3850.59     0.0005       57.95
15000071111Q0321261H00536 322 0 0 030 0 270 6 0  0316 06 0   120.43     0.00     0.00   190.91     7.38     8.22 17.32 272.8512 06  06  06  06  0   3207.89     0.00     0.0006       57.95
15000071121Q0321261H005331011 0 0 030 0180238 0  0316 06 0   802.86  1244.43     0.00   965.58     0.00   166.13116.531835.1212 06  06  06  06  0  22121.72  3733.29     0.0005       57.95
15000071131Q0321261H00515 311 0 0 030 0180238 0  0316 06 0   802.86   963.43     0.00   467.53    20.35   250.43 98.931557.8512 06  06  06  06  0  18295.48  2930.44     0.0004       57.95
15000071141Q0321261H005 3 411 0 0 030 0180238 0  0316 06 0   802.86   843.00     0.00   498.53    63.14   176.64 80.591269.1412 06  06  06  06  0  15029.88  2488.86     0.0004       57.95
15000071151Q0321261H005 3 511 0 0 030 0180238 0  0316 06 0   802.86   843.00     0.00   498.53    63.14   146.79 80.591269.1412 01 176  06  06  0  15117.24  2529.00     0.0003       57.95
15000071161Q0321211H00537 211 0 0 030 0180238 0  0316 06 0   802.86  1284.58     0.00   963.23    33.73   259.31114.471802.66102712156  06  06  0  21008.28  4574.48     0.0006       57.95
15000071171Q0321211H005 9 611 0 0 030 0180238 0  0316 06 0   802.86   923.29     0.00   661.36    40.64   184.29 87.051371.7512 01 116  06  06  0  16415.04  2769.87     0.0003       57.95
15000071181Q0321261E004 2 911 0 0 030 0180238 0  0316 06 0   782.25   782.25     0.00   467.23     6.91   185.35 73.831162.7912 01 556  06  06  0  14125.10  2346.75     0.0002       57.95
15000071191Q0321261L00110 411 0 0 030 0180238 0  0311 66 0  1095.16     0.00     0.00     0.00     0.00   120.81 83.811319.8012 01 776  06  01  1  15870.67  2764.77     0.0006       57.95
15000071201Q0321261O003 41011 0 0 030 0180238 0  0316 06 0   802.86   843.00     0.00   482.93    40.64   226.29 79.591253.5412 01 636  06  06  0  15039.10  2529.00     0.0005       57.95
15000071211Q0321261G00131 422 0 0 030 0 276 6 0  0316 06 0   144.51     0.00     0.00   237.50     3.73    43.04 19.22 302.6612 06  06  06  06  0   3631.95     0.00     0.0006       57.95
15000071221Q0321261O001 2 812 0 0 030 0180238 0  0316 06 0   721.05   721.05     0.00   211.04    33.73    37.74104.451091.3012 06  06  06  06  0  13376.56  2163.15     0.0004       57.95
15000088011J0321361C00812 511 0 0 030 2162636 0  0316 06 0  1898.55     0.00     0.00   603.04     0.00   432.84197.953117.1712 01  36  06  01  1  37238.30  8730.42     0.0005       15.05
15000088021J0321361C008101111 0 0 030 2162636 0  0316 06 0  1898.55     0.00     0.00   589.40   144.46   358.74196.843099.8012 06  06  06  06  0  38008.40  8690.92     0.0003       15.05
15000088031J0321361C00812 711 0 0 030 2162636 0  0316 06 0  1898.55     0.00     0.00   430.51     0.00   425.14186.762941.0112 06  06  06  06  0  36677.26  8633.20     0.0004       15.05
15000088041J0321311C01742 411 0 0 030 2162636 0  0316 06 0  2103.88     0.00     0.00  2320.59   166.52  1193.21203.083198.0012 06  06  06  06  0  64999.77 12099.92     0.0006       15.05
15000088051J0321311C00828 311 0 0 030 2162636 0  0316 06 0  1898.55     0.00     0.00  1012.85   357.91   657.99203.083198.0012 06  06  06  06  0  42937.27 10114.08     0.0005       15.05
15000088061J0321311C008211111 0 0 030 2162636 0  0316 06 0  1898.55     0.00     0.00   877.36   433.23   507.47203.083198.0012 06  06  06  06  0  40021.31  8701.30     0.0004       15.05
15000088071J0321311C008 8 411 0 0 030 2162636 0  0316 06 0  1898.55     0.00     0.00   261.37     0.00   227.45172.872722.2612 01  36  06  06  0  33622.06  7815.00     0.0003       15.05
15000088081J0321311C00810 211 0 0 030 2162636 0  0316 06 0  1598.55     0.00     0.00   394.05   132.68   396.71181.042850.9612 06  06  06  06  0  33699.35  7803.88     0.0004       15.05
15000088091J0321361E01715 211 0 0 030 2162636 0  0316 06 0  1798.13     0.00     0.00   227.42     0.00   311.19162.182553.9712 06  06  06  06  0  32066.84  7951.92     0.0004       15.05
15000088101J0321311C00438 411 0 0 030 2162636 0  0316 06 0  1798.13     0.00     0.00  1600.16   659.07   720.54203.083198.0012 06  06  06  06  0  45223.44  8463.28     0.0005       15.05
15000088111J0321361D00425 711 0 0 030 2162636 0  0316 06 0  2294.95     0.00     0.00   740.17   212.12   566.58182.342871.4812 01  86  06  06  0  36816.00     0.00     0.0005       15.05
15000088121J0321361C00819 111 0 0 030 2162636 0  0316 06 0  2294.95     0.00     0.00   150.66     0.00   355.84147.242318.6412 06  06  06  01  1  28373.82     0.00     0.0004       15.05
15000088131J0321311D00428 811 0 0 030 2162636 0  0316 06 0  2449.16     0.00     0.00  1209.40   474.24   838.94203.083198.0012 06  06  06  06  0  42537.91     0.00     0.0004       15.05
15000088141J0321311D006 91011 0 0 030 2162636 0  0316 06 0  1567.47     0.00     0.00   479.87   222.34   334.80159.042504.7812 06  06  06  06  0  30118.11  6485.45     0.0004       15.05
15000088151J0321311C00722 911 0 0 030 2162636 0  0316 06 0  1898.55     0.00     0.00   927.07   441.27   570.93203.083198.0012 06  06  06  06  0  43027.29  8854.36     0.0005       15.05
15000088161J0321361E004331011 0 0 030 2162636 0  0316 06 0  1692.94     0.00     0.00   187.95     0.00   216.72150.302366.8712 06  06  06  06  0  29045.64  7373.28     0.0005       15.05
15000088171J0321361E00811 911 0 0 030 2162636 0  0316 06 0  1692.94     0.00     0.00   367.73     0.00   340.12159.132506.0412 06  06  06  06  0  31386.58  7641.52     0.0004       15.05
15000088181J0321361E008 6 111 0 0 030 2162636 0  0316 06 0   806.68     0.00     0.00   381.21     0.00   122.83 94.291484.8012 06  06  06  06  0  18394.15  3445.00     0.0004       15.05
15000088191J0321311D003251111 0 0 030 2162636 0  0316 06 0  1692.94     0.00     0.00  1076.03   169.69   361.48203.083198.0012 01 536  06  06  0  40784.45  8842.52     0.0005       15.05
15000088201J0321311E00820 411 0 0 030 2162636 0  0316 06 0  1692.94     0.00     0.00   439.64     0.00   348.10170.962692.3912 06  06  06  06  0  34984.00  8380.04     0.0004       15.05
15000088211J0321361C004111011 0 0 030 2162636 0  0316 06 0  1692.94     0.00     0.00  1166.74   140.99   577.85203.083198.0012 06  06  06  06  0  42631.30  8873.92     0.0004       15.05
15000088221J0321311L003101011 0 0 030 2162636 0  6316 06 0  1547.74     0.00    93.06   602.99     0.00   299.27159.492418.5612 06  06  06  06  0  30913.51  6771.53     0.0004       15.05
15000092011H2212111A01814 711 0 022 0 616473615  0316 06 0  2212.90     0.00     0.00   523.97     0.00   632.10198.863131.7112 06  06  06  06  0  38612.38  4737.96     0.0004       27.46
15000092021H2212161E01419 311 0 022 0 916473615  0316 06 0  1844.14     0.00     0.00   501.90     0.00   490.91166.122615.9311296  06  06  01  1  32200.17  4113.52     0.0005       27.46
15000092031H2212161D008 31011 0 022 0 616473615  0316 06 0  1731.72     0.00     0.00   294.38     0.00   287.95147.322320.0212 06  06  06  06  0  27042.78  3526.92     0.0003       27.46
15000092041H2212111K014231111 0 022 0 516473615  0316 06 0  1636.30     0.00     0.00   501.06     0.00   345.18155.712452.2212 06  06  06  06  0  28729.98  3778.38     0.0004       27.46
15000092051H2212111D00420 011 0 022 0 516473615  0316 06 0  1546.33     0.00     0.00   461.41   239.20   292.40145.782295.6412 06  06  06  06  0  26477.00  3454.80     0.0004       27.46
15000092061H2212111D00624 011 0 022 0 516473615  0316 06 0  1636.30     0.00     0.00   839.35     0.00   376.30177.752799.0512 06  06  06  06  0  32264.86  3880.72     0.0004       27.46
15000092071H2212111D006 2 211 0 022 0 616473615  0316 06 0  1501.35     0.00     0.00   227.70     0.00   246.39125.691979.2712 06  06  06  06  0  23071.08  3002.70     0.0003       27.46
15000092081H2212161E003141122 0 022 0 3 412 9 0  0316 06 0   341.35     0.00     0.00    34.94     0.00    46.47 27.78 437.7112 06  06  06  06  0   5110.82   733.32     0.0006       27.46
15000092091H2212111E006221111 0 022 0 516473615  0316 06 0  1394.10     0.00     0.00   396.42     0.00   203.44130.702058.2812 06  06  06  06  0  23992.38  3213.18     0.0005       27.46
15000092101H2212161E00311 311 0 022 0 616473615  0316 06 0  1266.28     0.00     0.00   292.66     0.00   142.06113.141781.7412 06  06  06  06  0  20768.29  2673.50     0.0006       27.46
15000092111H2212111K00329 922 0 022 0 4 412 9 0  0316 06 0   341.35     0.00     0.00   119.84     0.00    70.10 33.68 530.5112 06  06  06  06  0   9365.47  1176.90     0.0006       27.46
15000092121H2212111K00329 011 0 022 0 516473615  0316 06 0  1365.41     0.00     0.00   538.01     0.00   271.24138.472180.7212 06  06  06  06  0  25419.34  3327.68     0.0005       27.46
15000092131H2212111I00629 411 0 022 0 516473615  0316 06 0  1394.10     0.00     0.00   523.71   186.75   193.11109.661726.7911 06  01 306  06  0  19640.11  3102.97     0.0005       27.46
15000092141H2212111I006191011 0 022 0 916473615  0316 06 0  1394.10     0.00     0.00   394.80   186.75   188.54130.152049.5010 06  01 606  06  0  20620.35  2606.03     0.0004       27.46
15000092151H2212111I004 9 811 0 022 0 616473615  0316 06 0  1456.36     0.00     0.00   303.90   188.23   314.74124.421959.4111296  06  06  01  1  24577.04  3074.96     0.0003       27.46
15000092161H2212111I006 7 511 0 022 0 616473615  0316 06 0  1365.41     0.00     0.00   608.78   519.63   262.57140.352210.1912 06  06  06  06  0  23045.95  2832.06     0.0003       27.46
15000102011J0222361D01813 611 0 0 031 0163236 0  0316 06 0   822.00     0.00     0.00  1822.11     0.00   502.38203.083198.0012 06  06  06  06  0  41190.97  9037.76     0.0004       20.11
15000102021J0222361D018 9 511 0 0 031 0163236 0  0316 06 0   822.00     0.00     0.00  1745.47     0.00   513.49203.083198.0012 06  06  06  06  0  39122.24  8163.17     0.0003       20.11
15000102031J0222361C008 5 411 0 0 031 0163236 0  0316 06 0   602.00     0.00     0.00   530.10     0.00     0.00 92.481456.2910101 7711696  06  0  12415.84  5984.49     0.0003       20.11
15000102041J0222361A01714 311 0 0 031 0163236 0  0316 06 0  1107.00     0.00     0.00  1674.78     0.00   574.47203.083198.0012 06  06  06  06  0  40591.06  6162.32     0.0004       20.11
15000102051J0222311D00419 611 0 0 031 0163236 0  0311136 0  1745.23     0.00     0.00     0.00     0.00   279.23135.792138.3912 01 146  06  06  0  26143.59  5200.82     0.0003       20.11
15000102061J0222361F004 2 011 0 0 031 0163236 0  0316 06 0   533.00     0.00     0.00  1362.11     0.00   214.91141.682231.2412 06  06  06  06  0  23080.52  4069.69     0.0003       20.11
15000102071J0222311L00422 811 0 0 031 0163236 0  0316 06 0   584.00     0.00     0.00  1100.39   303.00   252.69134.832123.5012 06  06  06  06  0  25028.55  5360.48     0.0004       20.11
15000102081J0222311E01510 711 0 0 031 0163236 0  0316 06 0   584.00     0.00     0.00  1100.41   303.00   286.35134.662120.6712 06  06  06  06  0  29272.10  5293.10     0.0003       20.11
15000102091J0222361N00221 021 0 0 031 0 81618 0  0316 06 0   292.50     0.00     0.00   732.65   290.00   102.30 76.431203.5612 06  06  06  06  0  14684.04  2900.00     0.0005       20.11
15000102101J0222361N00213 721 0 0 031 0 81618 0  0316 06 0   292.50     0.00     0.00   738.11   290.00    84.41 75.461188.3212 06  06  06  06  0  14695.16  2682.06     0.0004       20.11
15000121011I0222261G016 8 511 0 0 030 0178240 0  0311106 0  1787.42     0.00     0.00     0.00     0.00   235.99107.121686.8912 01 176  06  06  0  22744.41  1295.33     0.0005       23.98
15000121021I0222261H016 9 111 0 0 030 0178240 0  0316 06 0  1517.58     0.00     0.00   176.92     0.00   138.16 96.371517.5812 06  06  06  06  0  19367.34  1156.44     0.0004       23.98
15000121031I0222211D016 4 212 0 0 030 0180040 0  0316 06 0  3198.00     0.00     0.00  1173.00     0.00   687.05203.083198.0012 06  06  06  06  0  44436.96  2436.96     0.0003       23.98
15000121041I0222211D01446 222 0 0 030 0 267 6 0  0316 06 0   425.89     0.00     0.00   160.94     0.00    11.74 27.05 425.8912 06  06  06  06  0   7365.51   323.55     0.0006       23.98
15000121051I0222261F00740 411 0 0 030 0178240 0  0316 06 0  2127.03     0.00     0.00   676.17     0.00   279.08135.072127.0312 06  06  06  06  0  29679.94  1733.19     0.0005       23.98
15000121061I0222211H01638 811 0 0 030 0178240 0  0316 06 0  2802.22     0.00     0.00  1044.62     0.00   427.90177.932802.2212 06  06  06  06  0  36537.36  2135.26     0.0005       23.98
15000121071I0222211H017 8 411 0 0 030 0178240 0  0316 06 0  1666.66     0.00     0.00   247.99     0.00   146.53105.831666.6612 06  06  06  06  0  21278.73  1269.96     0.0003       23.98
15000121081I0222261F007 0 512 0 0 030 0178240 0  0316 06 0  1333.26     0.00     0.00    50.74    48.26    21.53 85.321333.26 6 96  06  06  06  0   8680.21   573.64     0.0003       23.98
15000121091I0222261O002 9 511 0 0 030 0180040 0  0316 06 0  1251.58     0.00     0.00    98.29     0.00    48.90 79.471251.5812 01 126  06  06  0  16767.09   952.97     0.0006       23.98
15000121101I0222261G006 6 511 0 0 030 0178240 0  0316 06 0  1628.20     0.00     0.00   238.09     0.00   184.46103.401628.2012 06  06  06  06  0  21398.83  1231.65     0.0006       23.98
