2011000010111200000001797521800000000006410216000000017975218                                                                 00745065408
2011000010111300000002369352000000000004661976000000023693520                                                                 00745065408
2011000010111500000005052804500000            000000050528045                                                                 00745065408
2011000010111700000000194249000000            000000001942490                                                                 00745065408
2011000010112500000003320511500000000003884980000000033205115                                                                 00745065408
2011000010114400000000956715100000000003884980000000009567151                                                                 00745065408
2011000010114500000002539222700000000002525237000000025392227                                                                 00745065408
2011000010114600000000716098900000000004856225000000007160989                                                                 00745065408
2011000010116000000000442887700000000000776996000000004428877                                                                 00745065408
2011000010116100000000069929600000000000582747000000000699296                                                                 00745065408
2011000010116200000000279718500000000001942490000000002797185                                                                 00745065408
2011000010116300000000157341700000000001165494000000001573417                                                                 00745065408
2011000010116400000000159284200000000001165494000000001592842                                                                 00745065408
2011000010116500000000176766600000000000971245000000001767666                                                                 00745065408
2011000010116600000000408311400000000001165494000000004083114                                                                 00745065408
2011000010117100000000165111600000000000776996000000001651116                                                                 00745065408
2011000010117300000000320510800000000002330988000000003205108                                                                 00745065408
2011000010118400000000470082500000            000000004700825                                                                 00745065408
2011000010119300000000194249000000            000000001942490                                                                 00745065408
2011000010119400000001245349700000            000000012453497                                                                 00745065408
2011000010122100000000382359700000000010489445000000003823597                                                                 00745065408
2011000010122300000000759202700000000006992963000000007592027                                                                 00745065408
2011000010212100000000281661000000000002913735000000002816610                                                                 00745065408
2011000010213100000000969302400000000007769959000000009693024                                                                 00745065408
2011000010221100000004341464800000000011654939000000043414648                                                                 00745065408
2011000010321100000003172745600000            000000031727456                                                                 00745065408
2011000010321200000005892241700000            000000058922417                                                                 00745065408
2011000010412100000007450654100000            000000074506541                                                                 00745065408
2011000010421100000076762861100000            000000000000000                                       0000767628611             00745065408
2011000010441100000005655046400000000045463891000000056550464                                                                 00745065408
2011000010442100000004457992300000            000000044579923                                                                 00745065408
2011000010443100000001353517900000            000000013535179                                                                 00745065408
2011000010451100000012222947000000000625854943000000122229470                                                                 00745065408
2011000010452100000003903099600000000027627025000000039030996                                                                 00745065408
2011000010561100000002144508800000            000000021445088                                                                 00745065408
2011000010561200000001309238100000            000000013092381                                                                 00745065408
2011000010562100000009064987300000            000000090649873                                                                 00745065408
2011000010611200000000386555500000            000000003865555                                                                 00745065408
2011000010623200000001359759300000            000000013597593                                                                 00745065408
2011000010722100000020978930400000000160449967000000209789304                                                                 00745065408
2011000010724100000000023309900000            000000000233099                                                                 00745065408
2011000010734100000031727455500000            000000317274555                                                                 00745065408
2011000010831300000003576314000000            000000035763140                                                                 00745065408
2011000010942300000003576314000000            000000035763140                                                                 00745065408
2011000010942500000001812990000000            000000018129900                                                                 00745065408
2011000010952100000000815845700000            000000008158457                                                                 00745065408
2011000011011200000036061165700000            000000360611657                                                                 00745065408
2011000011111200000052058827200000            000000520588272                                                                 00745065408
2011000011111300000005963448700000            000000059634487                                                                 00745065408
2011000011112200000008195719500000            000000081957195                                                                 00745065408
2011000011212100000000180999100000            000000001809991                                                                 00745065408
2011000011212200000027348314300000            000000273483143                                                                 00745065408
2011000011221100000001903647300000            000000019036473                                                                 00745065408
2011000011242100000003218682600000            000000032186826                                                                 00745065408
2011000011244100000003874340100000            000000038743401                                                                 00745065408
2011000020111100000000001154510000000000007131000000000011545                                                                 00713066493
2011000020111200000002955823100389000014041792000000029558231                                                                 00713066493
2011000020111300000001087947500270000002295053000000010879475                                                                 00713066493
2011000020111400000000672950300032000005026604000000006729503                                                                 00713066493
2011000020111500000001418745900157            000000014187459                                                                 00713066493
2011000020111700000001778561700092            000000017785617                                                                 00713066493
2011000020112100000000045732510000000000049915000000000457325                                                                 00713066493
2011000020112200000001261300700080000002616951000000012613007                                                                 00713066493
2011000020112300000000004330510000            000000000043305                                                                 00713066493
2011000020112400000000745547000538000001022231000000007455470                                                                 00713066493
2011000020112500000001379271200449000002681127000000013792712                                                                 00713066493
2011000020112600000001070184600041000001680288000000010701846                                                                 00713066493
2011000020112700000000000396510000            000000000003965                                                                 00713066493
2011000020112800000000001346310000            000000000013463                                                                 00713066493
2011000020113100000001178582700571000001587081000000011785827                                                                 00713066493
2011000020113200000000229563500184000000185906000000002295635                                                                 00713066493
2011000020113300000000114943000184            000000001149430                                                                 00713066493
2011000020113400000000015113400184            000000000151134                                                                 00713066493
2011000020113500000001474304300080000002238008000000014743043                                                                 00713066493
2011000020114100000000025932810000000000356533000000000259328                                                                 00713066493
2011000020114200000001037195400068000012362522000000010371954                                                                 00713066493
2011000020114300000000000084110000            000000000000841                                                                 00713066493
2011000020114400000000659630300785000002981124000000006596303                                                                 00713066493
2011000020114500000000739292800598000001165353000000007392928                                                                 00713066493
2011000020114600000000697555900052000002431045000000006975559                                                                 00713066493
2011000020114700000001263393000035000098543644000000012633930                                                                 00713066493
2011000020115100000000000428610000            000000000004286                                                                 00713066493
2011000020115200000000000899210000            000000000008992                                                                 00713066493
2011000020115300000000003192410000000000007131000000000031924                                                                 00713066493
2011000020115400000000006083210000000000042784000000000060832                                                                 00713066493
2011000020116000000000000179010000            000000000001790                                                                 00713066493
2011000020116100000000067283902319000000678941000000000672839                                                                 00713066493
2011000020116200000000688897700015000005584323000000006888977                                                                 00713066493
2011000020116300000000011846910000000000085568000000000118469                                                                 00713066493
2011000020116400000000019563010000000000156875000000000195630                                                                 00713066493
2011000020116500000000021981010000000000142613000000000219810                                                                 00713066493
2011000020116600000000512213000055000000929532000000005122130                                                                 00713066493
2011000020116700000000000184710000            000000000001847                                                                 00713066493
2011000020116800000000803009300531000010516701000000008030093                                                                 00713066493
2011000020116900000000749092400367000001143961000000007490924                                                                 00713066493
2011000020117100000001004228600016000003346316000000010042286                                                                 00713066493
2011000020117200000000217658800007000000557719000000002176588                                                                 00713066493
2011000020117300000000273562900435000002316445000000002735629                                                                 00713066493
2011000020117400000000183094600434000002080624000000001830946                                                                 00713066493
2011000020117500000000001161610000000000007131000000000011616                                                                 00713066493
