20110000110562211007450654080440000000202020202020200000101000002000200000202020270210101 8 8 71010 6 5 3 5 4 4 2 20135 1 1 1   1 202 1 199 199 1 7 4 1 1 1 1 1   -9 04  1 1 1 G 3 1 6 1 2 21 2 2 108 1200 1 2 1 211 3-910-9-9-9-9                                                                                                                0000003642224681000000000002874596070                                       0000767628611 6 1 6 6 6 6 6 2 2 3236107602048000000000048
20110000208463311007130664930330000000300000300030000010002000002010102000300000240200201111110 7 7 8 4 4 3 6 6 5 30145 1 1 1   1 202 1 199 199 1 3 2 1 1 1 1 1   -9 03  1 1 1 F 2 3-9-9 5 32 3 3 206 1150 1 1 1 16                                                                                                                               0000002897830727002690000002581190955                                       0000316639772 1 6 6 6 6 6 6 1 1 1224103601083000000000083
20110000313364311009281017400330000000201010201020100000002000002000101000201010220180100 7 7 6 9 9 7 4 3 5 4 4 5 20143 1 1 1   1 202 1 199 199 1 9 4 1 1 1 1 1 3000 07  1 3 2 K 3 1 6 1 2 22 2 3 105 1200 1 2 1 26                                                                                                                               0000003963687846010760000002881534322                                       0001082153524 6 1 6 1 6 6 6 2 2 3700607602065000000000065
201100004095653220207652345705500000003020203020301010102000000010201020102030203402602001212 81211 7 8 4 6 4 5 5 50132 1 3 2 2 1 202 1 199 399 3 6 4 1 1 1 1 1 1200 03  1 8 4 C 2 1 6 2 1 13 1 3 205 6065 1 1 6  6                                                                                                                               0000004923708876019660000004923708876                                                     6 1 6 6 6 6 6 2 2 1200603601140000000012152
20110000517211111001381263090330000000300000300030000010002000002010201000300000240200202111110 7 7 9 4 4 3 6 6 3 30153 1 1 1   1 202 1 199 199 1 6 4 1 1 1 1 1   -9 04  1 7 4 C 2 3-9-9 5 31 4 3 206 1119 1 2 1 211 212-9 1 2 1 2                                                                                                                0000000528585005035520000000340833261                                       0000187751744 1 1 6 6 6 6 6 1 1 2675106602084000000000084
2011000061626521100280239688044000000040001030202000101000200000201020101020202031025030311 8 71010 7 5 4 5 4 4 2 20153 1 1 1   1 202 1 199 199 1 9 4 1 1 1 1 1   -9 07  1 1 1 G 3 3-9-9 5 31 1 7 108 1300 1 2 1 26                                                                                                                               0000001524971907000000000000866877840                                       0000658094067 1 1 6 6 1 1 1 1 1 4199107602106000000000106
20110000712164311011295689450330000000201010201020001000200000002000200000201010220180101 7 7 6 9 9 7 4 3 5 4 4 2 20134 1 1 1   1 202 1 199 199 1 3 2 1 1 1 1 1   -9 02  1 1 1 I 3 3-9-9 5 31 1 7 206 1100 1 3 6  6                                                                                                                               000000432204227800000000000320991588800005654293210000085403387             0000461293682 1 6 6 6 6 6 6 1 1 1301103602033000000000033
20110000806164211002932528820330000000201010201020100000002000001010101010101010220180101 7 7 6 9 9 6 4 3 5 4 4 5 50138 1 1 1   1 202 1 199 199 1 7 4 1 1 1 1 1 1800 04  1 2 2 F 2 1 6 1 2 22 3 3 105 1070 1 2 1 26                                                                                                                               0000001671401905000000000001509844998                                       0000161556907 6 1 6 6 6 6 6 2 2 1800604601078000000000078
20110000910564311024813826340110000000100000100010000000100000001000001000100000100100000 3 3 3 1 1 1 2 2 1 1 1 8-90128 1 1 1   1 199   399 199 1 4 3 3 1 2   6          1 7 4 C 2 1 6 2 7 46 1 7 303 6060 1 1 6  6                                                                                                                               0000002445302333000000000001006266360                                       0001439035973 6 6 6 6 6 6 6        0601600012000000003015
20110001012112122008966709300110000000100000100010000000000010000010001000100000100100000 1 1 1 4 4 1 1 1 1 1 1 8 80179 6 1 1   1 399   399 199 1 2 1 6 2 2   1   -9 02  6              10 61 4 3 205 6090 1 3 1 46                                                                                                                               0000001160232939000000000000753388626                                       0000406844313 6 6 1 6 6 6 6 3 3  706102601020000000000020
20110001105764211007292197980220000000200000200020000000000020000020002000200000170150100 5 5 4 5 5 5 3 1 2 3 3 8 80170 1 1 1   1 202 1 199 199 1 2 1 4 2 2   1   -9 02  1 8 4 H 3 1 6 2 8 51 2 3 205 6160 1 1 6  6                                                                                                                               0000000993656739044610000000640238089                                       0000353418650 6 6 1 6 6 6 6 3 3  801102601052000000010062
20110001201663312014474015120220000000200000200020000000000020000020002000200000170150100 5 5 4 5 5 5 3 1 2 3 3 8 80165 1 1 1   1 202 1 199 199 1 2 1 4 2 2   1   -9 02  1 6 4 A 1 2-9-9 8 51 2 3 208 6 -9 1 3 1 16                                                                                                                               0000002475363888029480000001999148064                                       0000476215824 6 6 1 6 6 6 6 3 3  755102601056000000000056
20110001305765322007213424820440000000400000400040000010102000004000202000400000310250301111110 7 7 8 5 4 3 6 6 3 10151 1 1 1   1 202 1 199 199 1 3 2 1 1 1 1 1  900 02  1 7 4 O 3 1 1 2 3 11 1 7 108 6250 1 3 6  6                                                                                                                               0000001765885974019500000001096580937                                       0000669305037 6 1 6 1 6 6 6 2 2 1800604603111000000000111
20110001411465311003624437980330000000300000300030000000001020001020102000300000240200201111110 7 7 9 4 4 3 6 6 6 60170 1 1 1   1 202 1 199 199 1 2 1 4 2 2   1   -9 03  1 3 2 F 2 2-9-9 8 51 2 7 204 1080 1 4 1 46                                                                                                                               00000006937574820144900000005588984370000001812219                          0000133046826 6 1 1 6 6 1 6 2 2 1815104602084000000000084
20110001515265312001938318880220000000200000200020000000002000001010101000200000170150101 6 6 5 6 6 5 3 2 2 3 3 5 50162 1 1 1   1 202 1 199 199 1 5 3 1 1 1 1 1   -9 04  1 6 4 A 1 2-9-9 6 31 2 3 107 6100 1 2 1 26                                                                                                                               00000007107041720000000000005784065790000015665753                          0000116631841 1 6 6 6 6 6 6 1 1 1711104601053000008000061
20110001609562122009114485130440000000400000400040000000102000103010103000400000310250303121210 7 7 9 8 4 3 6 6 6 10160 1 1 1   1 202 1 199 199 1 3 2 3 1 2   1 1050 03  1 8 4 G 3 1 6 1 7 41 1 3 106 6130 1 2 1 26                                                                                                                               0000002196429297000000000001219713961                                       0000976715336 6 1 1 1 6 6 6 4 3 3850607604112000000000112
20110001708412112015180529360220000000200000200020000000200000002000101000200000170150101 6 6 5 6 6 5 3 2 2 3 3 5 20229 6 1 1   1 101 3 299 199 1 9 4 1 1 1 1 1   -9 04  1 2 2 P 3 1 1 1 4 23 4 3 203 1055 1 1 1 16                                                                                                                               0000004625376036000000000004625376036                                                     6 1 6 1 6 6 6 2 2 2128105602056000000000056
20110001801611122011210554560440000000400000400040000000201010001030103000400000310250302111110 7 7 9 5 4 3 6 6 6 60168 1 4 1   1 202 1 199 299 2 3 2 4 2 2   1  817 02  1 8 4 H 3 2-9-9 8 52 2 3 205 1079 1 1 6  6                                                                                                                               0000002755452537026000000002238181541                                       0000517270996 6 1 1 6 1 6 6 3 3 2117605603103000000000103
20110001901665311014178703410220000000200000200020000020000000002000101000200000170150101 6 6 5 6 6 5 3 2 2 3 3 5 20124 1 1 1   1 102 3 299 199 1 6 4 1 1 1 1 1   -9 02  1 9 5 G 3 2-9-9 5 36 2 7 305 1120 1 1 6  6                                                                                                                               0000002568184271000000000002028765652                                       0000539418619 1 6 6 6 6 6 6 1 1  806102601050000000000050
20110002001611111007896899260330000000201010201020100000101000002000101000201010220180101 7 7 6 9 9 6 4 3 5 4 4 5 20133 1 1 1   1 202 1 199 199 1 6 4 1 1 1 1 1 1236 03  1 8 4 J 3 1 6 1 1 12 4 3 204 6068 1 1 6  6                                                                                                                               0000000821093629000000000000434163791                                       0000386929838 6 1 6 1 6 6 6 2 2 1820604602078000000000078
20110002116211112004562092870330000000300000300030000000102000001020102000300000240200200101010 7 7 3 7 4 3 6 6-9-90160 6 1 1   1 499   399 199 1 2 1 4 2 2   1  625 02  1 9 5 N 3 1 6 1 8 51 4 3 205 6072 1 2 1 26                                                                                                                               0000000916552754025410000000582785861                                       0000333766893 6 1 1 6 6 6 1 3 3 1829604603084000000000084
20110002214663322004436413580440000000400000400040000010102000003010301000400000310250303111110 7 7 9 5 4 3 6 6 4 40159 1 1 1   1 202 1 199 199 1 3 2 2 1 1 1 1  950 02  1 1 1 F 2 3-9-9 5 31 3 3 207 6200 1 2 1 16                                                                                                                               0000001580550797000000000001328530794                                       0000252020003 1 1 6 6 6 6 6-9-9 2830606603108000000000108
20110002309563211013238458620330000000201010201020100000200000002000200000201010220180101 7 7 6 9 9 6 4 3 5 4 4 2 20129 1 1 1   1 202 1 199 199 1 3 2 1 1 1 1 1   -9 03  1 7 4 S 3 1 6 1 1 12 3 3 203 1050 1 2 1 26                                                                                                                               0000005275542954000000000004602965764                                       0000672577190 6 1 6 6 6 6 6 2 2 1673104602068000000004072
20110002407412222005738775020220000000200000200020000000000020000020002000200000170150101 5 5 4 5 5 5 3 1 2 3 3 8 80175 1 1 1   1 202 1 199 199 1 2 1 4 2 2   1 1915 04  1 5 3 S 3 1 6 1 8 51 1 2 105 1146 1 2 1 26                                                                                                                               0000001528567979000000000001136927022                                       0000391640957 6 6 1 6 6 6 6 3 3 1915604601034000000002036
20110002509563212010553513180440000000202020202020002000002000002000101000202020270210100 8 8 71010 7 5 3 5 4 4 5 20242 6 1 1   1 201 1 199 199 1 9 4 1 1 1 1 1   -9 05  1 1 1 K 3 1 6 1 2 21 1 2 107 1250 1 2 1 211 112-9 1 1 6                                                                                                                  0000007195589128026500000005100987607                                       0002094601521 6 1 6 1 6 1 6 2 2 3527107602090000000000090
20110002604511122004873032770440000000202020202020002000200000002000101000202020270210101 8 8 71010 7 5 3 5 4 4 5 20133 1 1 1   1 202 1 199 199 1 3 2 1 1 1 1 1   -9 05  1 7 4 F 2 1 6 1 1 12 3 3 204 1096 1 2 1 26                                                                                                                               0000001373298561000000000001035308283                                       0000337990278 6 1 6 1 6 6 6 2 2 3156107602100000000010110
20110002715211122005414788820110000000100000100010000000001000001000100000100000100100000 2 2 2 1 1 1 2 2 1 1 1-9-90155 1 1 1   1 199   399 199 1 3 2 1 1 1 1 1   -9 02  1 3 2 L 3 3-9-9 5 32 3 3 303 6054 1 2 1 26                                                                                                                               0000000633043266000000000000333988898                                       0000299054368 1 6 6 6 6 6 6 1 1  820102601022000000000022
201100028057633220060642986405500000004010104020300010101020000030102020103020203602803031212101212 8 8 4 6 5 5 3 10247 6 1 1   1 101 2 299 199 1 3 2 1 1 1 1 1   -9 03  1 5 3 I 3 1 6 1 1 13 3 3 305 6070 1 3 6  6                                                                                                                               0000001994981602000000000001994981602                                                     6 1 6 6 6 6 6 2 2 1223103601131000000000131
2011000290741112200868453387044000000030101030202000101000200000201020101020202029023020111 8 71010 7 5 4 5 4 4 2 20137 1 1 1   1 202 1 199 199 1 7 4 1 1 1 1 1 2050 05  1 1 1 I 3 3-9-9 5 32 4 3 205 6160 1 2 1 26                                                                                                                               000000459050482600938000000305825353900006113284820000135850774             0000785072031 1 6 6 6 6 1 6 1 1 3550607602044000000000044
20110003009563211013066460900330000000201010201020100000200000002000200000201010220180101 7 7 6 9 9 6 4 3 5 4 4 2 20133 1 1 1   1 202 1 199 199 1 4 3 1 1 1 1 1   -9 05  1 3 2 F 2 1 6 1 2 22 4 3 205 1100 1 1 1 26                                                                                                                               0000002838238937000000000002129851526                                       0000708387411 6 1 6 6 6 6 6 2 2 3190107602052000000003055
20110003101663212015074922890110000000100000100010000000000010000010001000100000100100000 1 1 1 4 4 1 1 1 1 1 1 8 80178 6 1 1   1 399   399 199 1 2 1 7 2 2   1   -9 02  6              10 61 4 3 205 1080 1 3 6  11 112-9 1 1 6                                                                                                                  0000003192873923000000000001533716453                                       0001659157470 6 6 1 6 6 6 6 3 3  701102601028000000000028
20110003201665311008093491800440000000202020202020002000002000002000101000202020270210101 8 8 71010 7 5 3 5 4 4 5 20235 6 1 1   1 201 1 199 199 1 7 4 1 1 1 1 1   -9 03  1 1 1 P 3 3-9-9 5 31 1 7 205 1126 1 3 6  6                                                                                                                               0000002120154433000000000001801946663                                       0000318207770 1 6 6 6 6 6 6 1 1 1186103601112000000000112
20110003314661122005786418530440000000202020202020101000002000001010101000202020270210101 8 8 71010 6 5 3 5 4 4 5 50141 1 1 1   1 202 1 199 199 1 6 4 1 1 1 1 1   -9 06  1 1 1 H 3 3-9-9 5 32 2 7 106 1236 1 1 6  6                                                                                                                               0000001443386741000000000000869272969                                       0000574113772 1 6 6 6 6 6 6 1 1 2698106601112000000000112
20110003412163222006512439740330000000201010201020100000101000001010101000201010220180101 7 7 6 9 9 6 4 3 5 4 4 5 50145 1 1 1   1 202 1 199 199 1 5 3 1 1 1 1 1   -9 03  1 7 4 C 2 1 6 1 1 11 2 5 107 1240 1 3 1 36                                                                                                                               0000001852989172000000000001114442479                          00001018730530000636673640 6 1 6 6 1 6 6 2 2 1711104602057000000000057
20110003505761111009314411630220000000200000200020000000200000001010101010100000170150101 6 6 5 6 6 5 3 2 2 3 3 5 50227 6 1 1   1 101 3 299 199 1 7 4 1 1 1 1 1   -9 04  1 3 2 O 3 1 1 1 4 23 4 3 203 1075 1 1 6  6                                                                                                                               0000001882312634000000000001882312634                                                     6 1 6 6 6 6 6 2 2 1646104601054000000000054
20110003609511111015312980230330000000201010201020100000200000002000101000201010220180101 7 7 6 9 9 6 4 3 5 4 4 5 20233 6 1 1   1 101 3 299 199 1 7 4 3 1 2   1   -9 03  1 3 2 R 3 1 6 1 7 43 4 3 203 6075 1 3 6  6                                                                                                                               0000004521885177000000000004521885177                                                     1 6 6 1 6 6 6 4 3 2286105602055000000000055
201100037162651110029442892604400000003010103010300010100020000020102010003010102902302021111101212 7 5 4 6 5 5 3 30151 1 1 1   1 202 1 199 199 1 3 2 1 1 1 1 1   -9 04  1 8 4 T 3 1 6 1 1 12 3 3 205 1088 1 3 1 36                                                                                                                               0000001639855584000000000001387848531                          00000046057050000247401348 6 1 1 6 6 6 6 2 2 2709106603108000000000108
20110003806162211004444494620220000000200000200020000000001010001010101000200000170150101121210 5 5 4 8 4 2 6 6-9-90144 6 1 1   1 199   399 199 1 7 4 1 1 1 2 1   -9 02  1 4 3 G 3 1 6 1 2 21 3 3 205 1105 1 2 1 26                                                                                                                               0000001162282878000000000000905680461                                       0000256602417 6 1 1 6 6 1 6 1 1 1694104602056000000000056
20110003913362111009865511330550000000203030203020201000002000002000200000203030320240100 9 9 81111 6 6 3 5 4 4 2 20141 1 1 1   1 202 1 199 199 110 4 1 1 1 1 1 3000 07  1 2 2 O 3 1 1 1 4 22 4 3 205 1110 1 2 1 26                                                                                                                               0000007464766611005630000006572171254                                       0000892595357 1 1 6 6 6 6 6 2 2 5600608602020000000000020
20110004014663212003253647120330000000300000300030000010002000003000300000300000240200201111110 7 7 8 4 4 3 6 6 1 10157 1 1 1   1 202 1 199 199 1 9 4 1 1 1 1 1   -9 05  1 1 1 G 3 1 6 1 2 21 2 3 107 6250 1 3 6  12 112-9 1 1 1 5 112-9 1 1 6                                                                                                    0000002619241187005060000001934227732                                       0000685013455 6 1 6 6 6 6 6 2 2 4600107603073000000018091
20110004101663222010117017330330000000201010201020001000002000000020002000201010220180101 7 7 6 9 9 7 4 3 5 4 4 8 80141 1 1 1   1 202 1 199 199 1 3 2 4 2 2   1 1353 03  1 8 4 H 3 1 6 1 8 51 1 2 105 1200 1 3 6  6                                                                                                                               0000002554022558000000000001566314829                                       0000987707729 6 6 1 6 6 6 6 3 3 1353603601083000000000083
20110004202265322006709172670110000000100000100010000000000010000010001000100000100100000 1 1 1 2 2 1 1 1 1 1 1 8 80171 1 1 1   1 199   399 199 1 3 2 4 2 2   1   -9 02  1 6 4 A 1 2-9-9 8 51 2 7 205 6085 1 5 1 56                                                                                                                               0000001324929522000000000001009253314                                       0000315676208 6 6 1 6 6 1 6 3 3  825102601027000000000027
20110004308462111017970492040220000000200000200020000000200000002000101000200000170150101 6 6 5 6 6 5 3 2 2 3 3 5 20230 6 1 1   1 101 3 299 199 1 7 4 1 1 1 1 1   -9 03  1 4 3 M 3 1 6 1 2 22 4 3 206 1082 1 1 1 16                                                                                                                               0000005472057779000000000004669659639                                       0000802398140 6 1 6 6 6 6 6 2 2 1306103601052000000000052
20110004402265322004564057010220000000200000200020000000001010000020002000200000170150101 5 5 4 5 5 5 3 1 2 3 3 8 80168 1 1 1   1 202 1 199 199 1 9 4 4 2 2   1   -9 04  1 2 2 O 3 1 1 1 8 51 4 7 205 1096 1 3 1 311 112-9 1 5 1 5                                                                                                                0000001813890392000000000001326425169                                       0000487465223 6 6 1 6 6 6 6 3 3 1743104601054000000027081
20110004513365322012684263750220000000200000200020000000000020000020002000200000170150100 5 5 4 5 5 5 3 1 2 3 3 8 80179 1 1 1   1 202 1 199 199 1 2 1 4 2 2   1   -9 02  1 7 4 F 2 1 6 1 8 51 2 3 205 6080 1 3 1 46                                                                                                                               0000002242111214039830000001548539274                                       0000693571940 6 6 1 6 6 6 6 3 3  729102601056000000000056
20110004612163322006932352640330000000201010201020100000002000002000200000201010220180101 7 7 6 9 9 7 4 3 5 4 4 2 20237 6 4 3 3 1 201 1 199 499 4 4 3 2 1 1 1 1 1700 04  1 9 5 H 3 1 6 1 1 12 4 3 205 1085 1 3 1 36                                                                                                                               0000001463653118000000000001083210271                          00000075909470000372851900 6 1 6 6 6 6 6 2 2 2700606602063000000000063
20110004712111122010682785600110000000100000100010000000000010000010001000100000100100000 1 1 1 4 4 1 1 1 1 1 1 8 80179 6 1 1   1 399   399 199 1 2 1 4 2 2   1   -9 02  1 9 5 T 3 1 6 1 8 51 3 3 204 6100 1 4 6  6                                                                                                                               0000001158463249000000000000656220887                                       0000502242362 6 6 1 6 6 6 6 3 3  744102601028000000000028
20110004802211122005807718450330000000300000300030000000001020001020102000300000240200202111110 7 7 4 4 4 3 6 6-9-90335 1 1 1   1 199   301 102 1 3 2 1 1 1 1 1   -9 03  1 9 5 M 3 1 6 1 1 12 3 3 204 6049 1 2 1 26                                                                                                                               0000001504117524000000000001233775734                                       0000270341790 6 1 1 6 6 6 6 2 2 2161105603082000000000082
20110004910565311009037922860440000000202020202020101000002000002000200000202020270210101 8 8 71010 7 5 3 5 4 4 2 20142 1 1 1   1 202 1 199 199 1 3 2 1 1 1 1 1   -9 03  1 9 5 C 2 1 6 2 1 12 2 3 108 1300 1 4 1 46                                                                                                                               0000005978924278042490000003438633673                                       0002540290605 6 1 6 6 6 6 6 2 2 2192105602066000000000066
20110005004511111003369204800330000000201010201020100000101000002000200000201010220180101 7 7 6 9 9 6 4 3 5 4 4 2 20134 1 1 1   1 102 3 299 199 1 4 3 1 1 1 1 1   -9 05  1 5 3 O 3 1 1 1 3 12 4 3 205 6095 1 2 6  6                                                                                                                               0000001274273424000000000001078272185                                       0000196001239 6 1 6 6 6 6 6 2 2 2745106602071000000011082
20110005109565311014470781390220000000200000200020000000002000002000200000200000170150101 6 6 5 6 6 5 3 2 2 3 3 2 20152 1 1 1   1 502 3 299 199 1 4 3 1 1 1 1 1   -9 03  1 1 1 F 2 3-9-9 5 31 4 2 204 1080 1 4 1 46                                                                                                                               0000005225031594000000000004202297543                                       0001022734051 1 1 6 6 6 1 6 1 1 2181105602054000000012066
20110005213311111020603933740550000000500000500050000030002000005000203000500000380300400121210 7 7 8 8 4 3 6 6 3 10148 1 4 2 3 1 202 1 199 499 4 4 3 3 1 2   1   -9 02  1 5 3 I 3 1 6 1 7 43 4 3 205 6090 1 2 1 26                                                                                                                               0000011835522052019220000011835522052                                                     6 1 6 1 6 6 6 2 2 2754106603100000000031131
20110005308412211008965136900110000000100000100010000000000010000010001000100000100100000 1 1 1 4 4 1 1 1 1 1 1 8 80175 6 1 1   1 399   399 199 1 2 1 6 2 2   1  733 02  6              10 61 3 2 206 6075 1 3 6  6                                                                                                                               0000001078983180000000000000707256222                                       0000371726958 6 6 1 6 6 6 6 3 3  733602601028000000015043
20110005402211122006561277930330000000300000300030000000102000003000300000300000240200200111110 7 7 9 4 4 3 6 6 1 10155 6 1 1   1 202 1 199 199 1 6 4 1 1 1 1 1   -9 04  1 3 2 C 2 1 6 1 2 21 4 3 205 1085 1 2 1 26                                                                                                                               0000002994243174035020000002494229074                                       0000500014100 6 1 6 6 6 6 6 2 2 4713107603084000000000084
20110005515264211002717300760330000000201010201020100000200000002000002000201010220180101 7 7 6 9 9 7 4 3 5 4 4 8 20131 6 4 3 3 1 102 2 299 499 4 4 3 3 1 2   1   -9 01  1 4 3 G 3 1 6 2 7 42 4 3 205 6084 1 1 1 46                                                                                                                               0000000548409014000000000000346466863                                       0000201942151 6 6 6 1 6 6 6 4 3  374101601047000000000047
20110005614611111005182356230110000000100000100010000000000010000010001000100000100100000 1 1 1 2 2 1 1 1 1 1 1 8 80175 1 1 1   1 499   399 199 1 2 1 4 2 2   1  566 02  1 9 5 A 1 1 6 2 8 51 5 7 301 6035 6   6  6                                                                                                                               0000000428717935022660000000331571579                                       0000097146356 6 6 1 6 6 6 6 3 3  566602601000000000000000
20110005705711111012721064350330000000300000300030000000100020001020102000300000240200200111110 7 7 9 4 4 3 6 6 6 60167 1 1 1   1 202 1 199 199 1 3 2 4 2 2   1   -9 03  1 4 3 H 3 1 1 1 8 51 3 2 204 6080 1 2 6  6                                                                                                                               0000003262931428018610000002572077799                                       0000690853629 6 1 1 6 6 6 6 3 3 1713104602080000000000080
201100058016632220077026393305500000003020203020300020000020100010201020003020203402602021212101212 7 8 4 6 5 5 5 50144 1 1 1   1 202 1 199 199 1 9 4 1 1 1 1 1   -9 05  1 5 3 G 3 1 6 1 1 11 4 3 205 1070 1 3 6  6                                                                                                                               00000036843058500000000000032461750520000051309150                          0000386821648 6 1 1 6 6 6 6 2 2 3255107602130000000001131
20110005912162112017165811920110000000100000100010000000001000001000100000100000100100000 2 2 2 1 1 1 2 2 1 1 1-9-90161 1 1 1   1 599   399 199 1 7 4 1 1 1 1 1   -9 05  1 2 2 Q 3 1 1 1 4 22 4 3 205 1083 1 2 1 26                                                                                                                               0000003868399139000000000002727051171                                       0001141347968 6 1 6 6 6 6 6 2 2 2174105601019000000021040
20110006005761111005741150520440000000400000400040000020002000002020004010301000310250303121210 712 8 8 4 3 5 6 8 30149 1 1 1   1 202 1 199 199 1 3 2 3 1 2   1   -9 01  1 7 4 F 2 1 6 2 7 44 3 3 205 1075 1 3 6  6                                                                                                                               0000001074905315000000000001074905315                                                     6 6 1 1 6 6 6 3 3 1216103602112000000002114
201100061016111220082741352703300000003000003000300000100020000020102010102010102402002021111 6 9 9 8 4 4 5 4 4 2 20152 1 1 1   1 202 1 199 199 1 9 4 1 1 1 1 1   -9 05  1 2 2 Q 3 1 1 1 4 22 3 3 206 1130 1 3 1 211 112-9 1 3 6                                                                                                                  0000005374328412000000000004387295629                                       0000987032783 6 1 6 6 6 6 6 2 2 3528107602069000000009078
20110006211465311005814458880110000000100000100010000000000010000010001000100000100100000 1 1 1 4 4 1 1 1 1 1 1 8 80175 6 1 1   1 399   399 199 1 2 1 8 2 2   1  701 02  6              11 61 2 7 207 6120 1 3 6  6                                                                                                                               0000000520521952000000000000298511864                                       0000222010088 6 6 1 6 6 6 6 3 3  701602601028000000005033
201100063095642220177260341404400000004000004000400000200020000010301030202020203102503031111 71010 8 5 4 5 4 4 5 50151 1 1 1   1 202 1 199 199 1 7 4 1 1 1 1 1 2916 06  1 2 2 F 2 1 6 1 2 21 1 2 105 1200 1 2 1 26                                                                                                                               0000008967879890000000000006790620329                                       0002177259561 6 1 6 6 6 6 6 2 2 2916606601106000000004110
201100064074653220036944280105500000005000005000500000102020000010401040302010103803004021111101212 9 6 4 6 5 5 5 50356 1 1 1   1 201 1 199 199 1 3 2 1 1 1 1 1 1100 03  1 9 5 A 1 1 6 1 6 31 1 7 107 6160 1 3 1 36                                                                                                                               00000015503511940084600000012492416120000003852756                          0000297256825 6 1 6 6 1 6 6 2 2 2068605603080000000000080
201100065095632120146512927704400000003010103010300010100020000030003000003010102902302001111101212 7 5 4 6 5 5 1 10136 1 1 1   1 202 1 199 199 1 3 2 1 1 1 1 1   -9 03  1 7 4 C 2 1 6 1 1 12 4 3 205 1110 1 2 1 26                                                                                                                               0000004315609928023260000003299554144                                       0001016055784 6 1 6 6 6 6 6 2 2 2246105602112000000000112
20110006602212211006803689230110000000100000100010000000000010000010001000100000100100000 1 1 1 4 4 1 1 1 1 1 1 8 80179 6 1 1   1 399   399 199 1 4 3 6 2 2   1   -9 02  6              10 66 4 2 206 6090 1 2 1 26                                                                                                                               0000000831508469000000000000405791075                                       0000425717394 6 6 1 6 6 6 6 3 3  630102601028000000035063
20110006810563211007150596680330000000300000300030000000102000002010003000300000240200202111110 7 7 9 4 4 3 6 6 8 30156 1 4 1   1 202 1 199 499 4 2 1 3 1 2   1  426 01  1 7 4 C 2 1 6 2 7 41 3 3 208 6110 1 3 6  6                                                                                                                               0000000996266813000000000000731666620                                       0000264600193 6 6 6 1 6 6 6 4 3  426601601084000000000084
20110006912164311006445778910440000000400000400040000010002010003010202000400000310250303121210 7 7 9 8 4 3 6 6 2 10344 1 1 1   1 202 1 199 199 1 3 2 1 1 1 1 1 1175 03  1 7 4 G 3 1 6 1 1 11 1 7 206 6100 1 1 1 16                                                                                                                               00000034418562690000000000025872076830000517595479                          0000337053105 6 1 1 6 6 6 6 2 2 2825606603112000000000112
20110007007411111008775753530220000000200000200020000000002000002000101000200000170150101 6 6 5 6 6 5 3 2 2 3 3 5 20246 6 1 1   1 101 3 299 199 1 9 4 1 1 1 2 1  600 02  1 2 2 P 3 1 1 2 4 25 4 3 205 6065 1 2 1 26                                                                                                                               0000001969593924027150000001434946972                                       0000534646952 6 1 6 6 6 1 6 2 2 1050603602041000000000041
20110007101611112012929060120550000000500000500050000020101010003020005000500000380300402121210 7 7 8 8 4 3 6 6 8 70566 1 1 1   6 204 1 199 199 1 4 3 4 2 2   1  816 02  1 7 4 G 3 1 6 2 8 53 3 3 204 6070 1 3 6  6                                                                                                                               0000000919763239047180000000919763239                                                     6 6 1 6 6 6 6 3 3  816602601106000016000122
20110007213311122017410820360220000000200000200020000000002000002000101000200000170150100 6 6 5 6 6 5 3 2 2 3 3 5 20151 6 1 1   1 402 3 299 199 1 5 3 1 1 1 1 1   -9 02  1 5 3 Q 3 1 6 1 1 15 4 3 205 6040 1 2 1 26                                                                                                                               0000003729247831010740000002896247258                                       0000833000573 6 1 6 6 6 6 6 2 2  810102601054000000000054
20110007314665322010339531060330000000300000300030000000102000001020102000300000240200202111110 7 7 9 4 4 3 6 6 5 50138 1 4 1   1 202 1 199 499 4 2 1 1 1 1 2 1   -9 01  1 9 5 A 1 1 6 2 6 33 3 4 304 6080 1 1 6  6                                                                                                                               0000001871196205000000000001871196205                                                     6 1 6 6 6 6 6 2 2  372101601084000000000084
20110007417211122002175890370220000000200000200020000000002000001010101000200000170150100 6 6 5 6 6 5 3 2 2 3 3 5 50136 1 1 1   1 202 1 199 199 1 3 2 1 1 1 1 1   -9 03  1 1 1 N 3 3-9-9 5 32 4 3 204 1092 1 2 1 26                                                                                                                               0000000453936655018120000000315632642                                       0000138304013 1 6 6 6 6 1 6 1 1 1249103601056000000016072
20110007513311122013354745680440000000202020202020002000002000002000200000202020270210101 8 8 71010 7 5 3 5 4 4 2 20139 1 1 1   1 202 1 199 199 1 9 4 1 1 1 1 1   -9 05  1 2 2 G 3 1 6 1 2 22 4 3 205 1088 1 2 1 26                                                                                                                               0000006530218191000000000004790605380                          00004653176680001274295143 6 1 6 6 6 6 6 2 2 3540107602028000000000028
20110007611462312003585217890220000000200000200020000000002000001010101000200000170150101 6 6 5 6 6 5 3 2 2 3 3 5 50160 1 1 1   1 202 1 199 199 1 3 2 1 1 1 1 1   -9 04  1 2 2 C 2 2-9-9 5 31 2 3 107 1160 1 2 1 26                                                                                                                               0000000737345174000000000000551180168                                       0000186165006 1 6 6 6 6 6 6 1 1 1639104601052000000035087
20110007701664322008858744240220000000200000200020000000001010000020002000200000170150101 5 5 4 5 5 5 3 1 2 3 3 8 80167 1 1 1   1 202 1 199 199 1 3 2 4 2 2   1   -9 03  1 6 4 A 1 3-9-9 8 51 2 3 206 6112 1 3 6  6                                                                                                                               0000002070839290000000000001669112956                                       0000401726334 6 6 1 6 6 6 6 3 3 1666104602056000000000056
20110007816211122007598548310110000000100000100010000000000010000010001000100000100100000 1 1 1 4 4 1 1 1 1 1 1 8 80177 6 1 1   1 399   399 199 1 2 1 4 2 2   1  757 02  1 9 5 T 3 1 6 3 8 51 4 3 205 6105 1 2 1 26                                                                                                                               0000001623095677000320000000868625208                                       0000754470469 6 6 1 6 6 6 6 3 3  757602601028000000006034
201100079121653110044846353005500000004010104010401000000020200020201030004010103602803031212101212 9 8 4 6 5 5 6 70176 1 1 1   1 202 1 199 199 1 2 1 4 2 2   1   -9 02  1 8 4 H 3 1 6 1 8 51 2 7 206 6120 1 4 1 411 112-9 1 3 1 4                                                                                                                00000024786955310000000000018558627850000193055365                          0000429777382 6 1 1 6 6 6 6 3 3 2175105603117000000000117
20110008010511111017350697880330000000201010201020001000200000002000200000201010220180101 7 7 6 9 9 7 4 3 5 4 4 2 20130 1 4 2 3 1 102 3 299 499 4 5 3 1 1 1 1 1 1500 04  1 7 4 K 3 1 6 2 1 12 3 3 205 1090 1 1 6  6                                                                                                                               0000009352435089000000000008709015412                                       0000643419677 6 1 6 6 6 6 6 2 2 3000607602047000000014061
20110008117211122001317872070220000000200000200020000000101000001010101010100000170150101101010 6 6 3 7 4 2 6 6-9-90163 6 1 1   1 499   399 199 1 3 2 1 1 1 2 1   -9 02  1 9 5 T 3 1 6 2 1 15 4 3 205 6082 1 4 1 46                                                                                                                               0000000194960820000000000000131801089                                       0000063159731 6 1 6 6 6 6 1 2 2  837102601056000000000056
20110008212165322013583357570110000000100000100010000000001000001000100000100000100100000 2 2 2 1 1 1 2 2 1 1 1-9-90159 1 1 1   1 499   399 199 1 2 1 1 1 1 2 1   -9 02  1 9 5 A 1 1 6 2 6 31 1 7 206 6049 1 3 6  6                                                                                                                               0000001059550869000000000000484441344                                       0000575109525 6 1 6 1 6 6 6 2 2  792102601027000000000027
20110008311465311003769435400220000000200000200020000000101000002000101000200000170150101121210 6 6 4 8 4 2 6 6-9-90164 6 1 1   1 199   399 199 1 2 1 1 1 1 2 1   -9 01  1 7 4 C 2 2-9-9 5 31 2 7 208 6 -9 1 3 6  6                                                                                                                               0000000659729774000000000000505066070                                       0000154663704 1 6 1 6 6 6 6 3 3  392101601043000000001044
20110008411465322003586695170220000000200000200020000000001010001010101000200000170150101 5 5 4 5 5 5 3 1 2 3 3 5 50264 6 1 1   1 201 1 199 199 1 2 1 1 1 1 1 1   -9 02  1 9 5 A 1 1 6 2 6 31 2 7 203 6120 1 3 6  6                                                                                                                               0000000528521234000000000000398524036                                       0000129997198 6 1 1 6 6 6 6 2 2 1147103602048000000001049
20110008513361111013413886920220000000200000200020000000001010000020002000200000170150100 5 5 4 5 5 5 3 1 2 3 3 8 80163 1 1 1   1 202 1 199 199 1 3 2 4 2 2   1   -9 04  1 8 4 H 3 1 6 1 8 51 4 3 205 6082 1 2 1 26                                                                                                                               0000007305042495002670000006392459658                                       0000912582837 6 6 1 6 6 6 6 3 3 1704104601054000000000054
20110008608464222006566879840110000000100000100010000000000010000010001000100000100100000 1 1 1 4 4 1 1 1 1 1 1 8 80180 6 1 1   1 399   399 199 1 2 1 6 2 2   1  641 02  6              10 61 2 7 204 6100 1 1 6  6                                                                                                                               0000000688485612000000000000490142331                                       0000198343281 6 6 1 6 6 6 6 3 3  641602601028000000028056
20110008710565311007461965310220000000200000200020000000002000000020002000200000170150101 6 6 5 6 6 5 3 2 2 3 3 8 80164 1 1 1   1 202 1 199 199 1 3 2 4 2 2   1 1353 03  1 7 4 F 2 1 6 1 8 51 2 7 206 6140 1 1 6  6                                                                                                                               00000012099720330000000000008044633150000024551182                          0000380957536 6 6 1 6 6 6 6 3 3 1353603601056000000010066
20110008809564211011718955890220000000200000200020000000001010000020002000200000170150101 5 5 4 5 5 5 3 1 2 3 3 8 80168 1 1 1   1 202 1 199 199 1 2 1 4 2 2   1   -9 03  1 3 2 C 2 1 6 1 8 51 4 3 205 6085 1 2 6  6                                                                                                                               00000026954468000000000000020519010780000046440497                          0000597105225 6 6 1 6 6 6 6 3 3 1199103601056000000006062
20110008910565211019088636950440000000400000400040000010102000004000103000400000310250303121210 7 7 8 8 4 3 6 6 6 10149 1 3 2 2 1 202 1 199 399 3 9 4 3 1 2   1  475 01  1 7 4 F 2 2-9-9 7 42 3 3 205 1100 1 3 6  6                                                                                                                               0000006225104272000000000005411202435                                       0000813901837 6 1 6 1 6 1 6 4 3 1775604603110000000000110
20110009002264311007243895360110000000100000100010000000000010000010001000100000100100000 1 1 1 4 4 1 1 1 1 1 1 8 80169 6 1 1   1 399   399 199 1 2 1 4 2 2   1   -9 02  1 9 5 N 3 1 6 1 8 51 4 3 205 1094 1 4 1 411 212-9 1 2 1 2                                                                                                                0000001687134888000000000000829469123                                       0000857665765 6 6 1 6 6 6 6 3 3  754102601028000000035063
20110009113311112016989061860220000000200000200020000000000020000020002000200000170150100 5 5 4 5 5 5 3 1 2 3 3 8 80177 1 1 1   1 202 1 199 199 1 9 4 4 2 2   1   -9 04  1 2 2 G 3 1 6 1 8 51 4 3 206 6120 1 2 1 211 112-9 1 2 1 2                                                                                                                0000009285439059016660000006180969683                                       0003104469376 6 6 1 6 6 6 6 3 3 2189105602051000000003054
20110009204511111003643839630330000000201010201020100000101000002000200000201010220180101 7 7 6 9 9 6 4 3 5 4 4 2 20136 1 1 1   1 102 3 299 199 1 3 2 2 1 1 1 1   -9 03  1 7 4 F 2 1 6 1 1 12 4 3 205 6090 1 3 6  6                                                                                                                               0000001015365949000000000000797284465                                       0000218081484 6 1 6 6 6 6 6 2 2 2179105602083000000001084
20110009317211122001746161600330000000300000300030000010002000003000300000300000240200202111110 7 7 9 4 4 3 6 6 1 10164 1 1 3 3 1 202 1 199 199 1 9 4 1 1 1 1 1 2800 06  1 2 2 P 3 2-9-9 5 32 4 3 204 6082 1 4 1 46                                                                                                                               0000000463947358000000000000381518857                                       0000082428501 1 1 6 6 6 6 6 1 1 6709108103083000000000083
20110009408412122004728840710220000000200000200020000000001010000020002000200000170150101 5 5 4 5 5 5 3 1 2 3 3 8 80166 1 1 1   1 202 1 199 199 1 3 2 4 2 2   1  740 02  1 9 5 G 3 2-9-9 8 51 2 3 208 1160 1 3 1 311 112-9 1 2 1 2                                                                                                                0000001003219994000000000000389272543                                       0000613947451 6 6 1 6 6 6 6 3 3  740602601054000000000054
201100095074121220035650985804400000004000004000400000200020000020201030103010103102503031111101212 8 5 4 6 5 5 5 30150 6 1 1   1 202 1 199 199 1 3 2 1 1 1 1 1   -9 04  1 8 4 C 2 1 6 1 1 11 4 3 205 6110 1 4 1 411 112-9 1 3 1 3                                                                                                                0000001412033282026220000001041770700                                       0000370262582 6 1 6 6 6 6 6 2 2 1738104601084000000000084
20110009615263211002536461730440000000400000400040000000202000001030103010300000310250303111110 7 7 9 5 4 3 6 6 6 60161 1 1 1   1 202 1 199 199 1 2 1 4 2 2   1   -9 04  1 7 4 C 2 1 6 1 8 51 4 3 205 6070 1 3 1 46                                                                                                                               0000001610399709000000000001442356603                                       0000168043106 6 1 1 6 6 6 6 3 3 2157105602082000000001083
20110009706164211003779999140220000000200000200020000000200000002000200000200000170150101 6 6 5 6 6 5 3 2 2 3 3 2 20126 6 1 1   1 202 1 199 199 1 3 2 1 1 1 1 1   -9 02  1 5 3 G 3 1 6 1 1 12 4 3 205 6090 1 2 1 26                                                                                                                               0000000758952793000000000000602331417                                       0000156621376 6 1 6 6 6 6 6 2 2 1645104602015000000000015
20110009816265211004742487570220000000200000200020000000000020000020002000200000170150101 5 5 4 5 5 5 3 1 2 3 3 8 80172 1 1 1   1 202 1 199 199 1 6 4 4 2 2   1 1225 03  1 7 4 C 2 2-9-9 8 51 1 7 105 6170 1 5 1 511 112-9 1 5 1 5                                                                                                                0000001816938645055970000000799967464                                       0001016971181 6 6 1 6 6 6 6 3 3 1570104602028000000033061
201100099114643110034795947106600000005010204030300020200020000040001030004020204303304041111101212 7 6 4 6 5 5 5 10141 1 1 1   1 202 1 199 199 1 2 1 3 1 2   1   -9 02  1 7 4 O 3 1 1 2 7 43 2 3 204 1090 1 3 6  6                                                                                                                               0000000890270149000000000000890270149                                                     1 1 6 1 6 1 1 4 3 1110103602168000000004172
20110010109562111011128549120220000000200000200020000000002000001010002000200000170150100 6 6 5 6 6 5 3 2 2 3 3 8 50162 1 1 1   1 202 1 199 199 1 3 2 3 1 2   1   -9 03  1 7 4 C 2 1 6 1 7 42 4 3 205 6067 1 2 1 26                                                                                                                               0000001725263899009880000000930047158                                       0000795216741 6 6 1 1 6 6 6 4 3 1672104602056000000012068
20110010207411112020403077760110000000100000100010000000100000001000100000100000100100000 3 3 3 3 3 1 2 2 1 1 1-9-90127 6 1 1   1 199   399 199 1 3 2 1 1 1 2 1  600 02  1 5 3 G 3 1 6 1 1 13 4 4 304 6070 1 2 1 26                                                                                                                               0000002120355491000000000002120355491                                                     6 1 6 6 6 6 6 2 2  600602601016000000000016
