1661601000011013516020000 101   1     SU  0243  3       1       2808 11      14415501   1  3730373048006        166        3     6                   303    111     104110043554
1661601000011023021010000 101   1     S1  0143  1PE020  6610101 7408 11      18018001   1  4000400000006          6        3     6                   303    111     104160043554
1661601000021014516020000 201   1     SU  0203  3       666    3                                                                  66 05    1 1060    303      1     609  0030965
1661601000021025021010000 236   1     SU  0203  3       1       7508 11      15515501   1  4000400024006        036        3     6                   3      111     104160030965
1661601000021032036000201 101   1     S1  0163  3       666    1                                                                  6  0813011 100155082      221     106130030965
1661601000031013511020000 101   1     SU  0183  3       6610101 8308 11      13214401   1  4000400000006          6        3     6                   3      111     104160046045
1661601000031023026010000 101   1     SU  0183  3       666    3                                                                  66 04    1 1048    203      1     609  0046045
1661601000032030031000102  01   1                                                                                                                             1          0046796
1661601000041015016000000 101   1     SU  0333  3       1       980746 0500  01313301   1  3620362042006        166        3     6                   20306  111     104140055845
1661601000051014016020000 201   1     SP  0163  3       1       5508 11      21621601   1  400040004000100001000  6        3     6                   303    111     104130046028
1661601000051023521010000 201   1     SP  0153  3       1       7103            28826   1      60005000         036        3     6                   306    111     104080046028
1661601000052030531000201  01   1                                                                                                                             1          0044559
1661601000061013511020000 201   1     S1  0143  3       6610101 7208 11      19219501   1  4000400000006          6        3     6                   303    111     104160047735
1661601000061023026010000 201   1     SP  0183  3       1       5505            17701   1      42004500         166        3     6                   303    111     104090047735
1661601000071013511020000 137   1     SU  0223  1PE999  1       1608 11      09609631   1  4000400040006          6        3     6                   303    111     104100047735
1661601000071023026010000 101   1     SU  0263  3       1       2708 11      03905148   1  3900390028006        036        3     6                   303    111     104110047735
1661601000081013011000000 101   1     S1  0163  3       666    3                                                                  1 1  15071 1042    203    221     606  0062980
1661601000091014016000000 109   1     S1  0163  3       1       5508 6 0102  00200201   605260026004000100002000176        11  401  1  15041         103    111     103130042553
